[Hyper parameter]
Cluster K = 2
Max iteration = 100
Kernel = RBF kernel
RBF kernel의 gamma = 0.5

[Prediction]
[0 1 0 1 0 0 0 0 0 0 0 0 0 1 1 1 0 0 0 0 0 0 0 1 1 1 0 0 0 1 1 0 0 1 0 1 0
 0 1 1 1 1 0 0 1 1 1 0 0 1 0 0 1 0 0 0 1 1 0 1 0 0 0 1 1 0 0 1 0 0 0 0 1 1
 0 1 1 1 0 0 1 0 0 1 0 0 1 1 0 1 0 0 1 0 1 1 1 1 0 0 1 0 1 0 0 1 0 0 0 1 1
 1 0 0 0 1 1 0 0 0 0 1 0 0 0 1 1 0 0 0 0 0 1 1 1 1 0 1 1 1 1 1 0 1 1 0 1 1
 1 1 1 1 0 0 0 0 0 1 1 1 1 1 1 1 0 1 0 1 1 1 1 1 0 1 0 0 1 0 0 1 1 0 0 0 0
 1 0 1 1 1 0 0 1 1 1 1 0 0 1 1 1 1 0 1 0 1 1 0 0 0 1 1 1 1 1 0 1 0 1 0 1 0
 1 0 1 0 1 1 1 1 1 0 1 0 1 1 0 1 0 0 0 0 1 0 0 0 1 0 0 1 1 1 1 0 1 0 0 1 1
 1 0 1 0 0 0 0 0 0 0 1 0 0 1 1 0 1 1 0 1 0 1 0 0 1 1 0 0 1 1 1 0 1 1 0 0 1
 0 0 1 0 1 1 0 0 1 0 0 0 1 1 1 0 0 0 0 0 1 0 0 0 0 1 0 1 0 0 0 1 1 0 0 0 0
 0 0 0 1 1 0 0 1 1 0 1 1 1 1 0 1 0 0 1 1 1 0 1 0 0 0 0 1 1 1 0 0 1 1 0 1 0
 1 0 1 0 1 0 1 1 0 1 1 0 1 1 1 1 1 1 0 0 1 0 0 1 1 1 0 1 1 1 1 1 1 1 0 1 0
 1 1 0 1 0 0 0 0 0 1 0 0 1 0 1 1 0 1 1 1 1 1 1 0 0 0 1 1 0 1 1 1 0 1 1 1 0
 0 0 0 1 0 0 0 1 0 0 1 0 1 1 1 1 1 0 1 1 0 0 0 0 1 1 0 0 1 0 0 0 1 1 1 1 1
 1 0 0 1 0 1 1 1 0 0 1 1 0 0 1 1 1 1 1 1 0 1 0 0 0 1 0 0 0 1 1 1 0 1 0 1 1
 0 0 0 0 1 1 1 0 1 1 0 0 0 1 1 0 1 1 0 0 1 1 1 0 0 0 1 1 0 0 1 1 0 1 0 1 1
 1 1 0 0 0 0 1 1 0 1 1 0 1 0 0 0 0 0 0 1 1 1 0 1 1 1 0 1 0 1 1 0 1 1 0 1 0
 0 0 1 1 1 0 1 0 1 0 0 1 0 1 0 1 1 0 0 1 0 0 1 1 1 1 0 0 1 1 1 0 1 1 0 0 1
 1 0 1 1 0 1 0 1 1 1 1 1 0 1 1 0 0 1 1 0 0 0 1 0 1 1 0 0 0 1 0 0 0 1 1 1 1
 0 0 1 1 0 0 0 1 0 1 0 1 0 0 0 0 0 0 0 0 0 1 1 1 1 1 0 1 1 1 1 0 0 1 1 1 1
 0 0 0 1 1 1 1 0 0 0 0 0 0 0 1 0 0 0 0 1 0 0 0 0 0 0 0 0 1 1 0 0 1 0 0 0 0
 1 1 0 1 0 0 1 1 0 0 0 0 1 1 0 1 0 1 0 0 0 0 1 0 0 0 0 0 0 1 0 1 0 1 0 1 0
 1 0 1 0 0 1 0 0 1 0 1 1 0 1 1 1 1 0 1 1 1 1 0 1 0 0 1 1 0 0 1 1 1 0 0 0 0
 1 1 0 0 0 0 0 0 1 0 0 0 1 1 0 1 1 0 0 1 0 0 0 0 1 1 1 0 1 1 0 0 1 0 1 1 1
 0 1 1 0 0 0 1 1 1 1 0 0 1 1 1 1 0 0 1 1 1 0 1 1 1 1 0 0 1 0 1 0 1 1 1 0 0
 1 1 0 1 1 1 0 0 1 0 1 1 1 0 0 0 1 0 1 1 0 0 1 1 0 0 0 0 1 0 0 0 0 0 1 1 0
 1 1 1 1 0 0 1 0 0 0 1 0 1 1 1 0 0 1 0 0 0 1 0 0 1 0 1 0 0 1 1 0 1 0 1 1 1
 1 1 1 0 0 1 1 0 1 0 1 1 0 0 1 0 1 0 0 0 0 1 1 0 0 0 0 1 1 1 1 1 1 0 1 1 1
 1]