5.066487435412827534e-01 -5.184724148770737395e-01
1.227155123615699672e+00 -5.004532936518144570e-01
8.480631437394012817e-01 -6.064798418006155378e-01
-1.108303563004843229e+00 2.250906121708286245e-01
9.521487702677114973e-01 3.796297236990523599e-02
7.054922366934763822e-01 4.994977634422059776e-01
4.626094609178691974e-01 7.444477268195177633e-01
-7.895194302299528566e-01 8.241664331148761125e-02
1.625592586068548506e+00 -3.837993937521336218e-01
1.970004950245135555e+00 5.137181996582328436e-01
-1.134371322602153009e+00 -6.944287346033024833e-02
1.531717934641121159e+00 -3.905171336003582794e-01
1.790718477503581374e+00 -2.447967379984823388e-01
1.826941486848417118e-01 6.735922029924891474e-02
-3.661175816385359161e-01 8.726555654792088612e-01
9.818465376736200678e-01 -4.866347561362747709e-01
1.034269624475162574e+00 -4.096158088838300348e-01
9.064515829596881957e-01 1.589569932541370356e-01
1.100887501096303733e+00 2.648318771083423284e-01
-7.708316838455157027e-01 6.333819815490872029e-01
1.162703506343057969e+00 -6.649654090617244107e-01
4.260678669891804771e-01 8.792005164730660738e-01
3.806428559451072169e-01 1.014865563002336657e+00
1.877809852203726315e+00 2.161270697504595051e-01
7.945002157948279908e-01 -1.184146500486440989e-03
1.096710764733320964e+00 -5.304062885606961597e-01
1.219345123163556366e+00 -3.899004750378659012e-01
1.357362624180831201e+00 -7.071224448869587453e-01
5.623910642857218867e-02 4.742515770735319380e-01
-8.167649777114126541e-01 6.440545837731231904e-01
6.146732965247897473e-01 8.846848284228314707e-01
6.309265463880480151e-01 -4.514579736076274608e-01
7.191017176191500937e-01 6.119697633475172927e-01
2.684406058408593809e-01 -2.783177295446044933e-02
-9.576312405731041144e-01 2.659304735328638092e-01
2.141845408840154619e+00 2.624210717993090691e-01
1.758539543821098006e+00 -4.546707230094986646e-02
8.940312118949591547e-01 7.117121121029753583e-01
1.310425574896368905e-01 8.544161168910894277e-01
-4.317976848689375480e-01 7.241415838098356206e-01
1.180691134802027031e+00 -4.230060664471815279e-01
9.633191153937717965e-01 8.240619246992980651e-01
1.046100250679117494e+00 6.237486697674984315e-01
2.455086609912943696e-01 4.273152755296658056e-01
-9.422000717226280964e-01 3.645509562728822539e-01
8.486188939607980375e-01 -5.124834426775752849e-01
3.076994182752492146e-01 -2.954348884259906660e-02
1.473195536195238686e+00 -2.370500957855676549e-01
-4.753884423128995618e-01 8.587405228813861369e-01
-9.003728706800346870e-01 6.502592735300117832e-01
1.897201383608342118e+00 1.374318816977961322e-01
-7.847491192829983975e-01 7.265545632409996513e-01
2.062625147505070977e+00 2.580230377781118634e-01
1.139237024629691675e+00 -7.689592881626757144e-03
9.786105799610576028e-01 2.824030023062140682e-01
-3.931817457209486610e-01 1.003286073763605790e+00
-7.888812453480606446e-02 9.155121941197936764e-01
1.364513551938173919e+00 -3.832831819609918700e-01
-5.223060476871286273e-01 7.383322887301071447e-01
-9.346890705799656973e-02 1.093199278616713510e+00
1.216454114635734163e+00 -4.826434113560356676e-01
-4.946657757550503298e-01 6.844658458088126451e-01
1.427313386796754235e+00 -6.524185891760427847e-01
2.571337247575475882e-01 -3.284206978792824638e-01
-6.042264730948198048e-01 7.280725444134332758e-01
1.548371595201176287e+00 -2.579220785304306984e-01
-9.570931822570073466e-01 3.656109633133327041e-01
1.883639323266781185e+00 9.484484520324282242e-02
8.092178696750176314e-01 2.054452083560685260e-01
-1.556559697349234606e-01 9.905798686116724650e-01
3.118818322861898196e-01 -2.211362109814651866e-01
-9.546099044349442009e-01 1.856992909609746500e-01
3.072931971553692354e-01 1.764834120060647382e-01
8.325637208848241100e-01 5.013718739318250295e-01
9.841644767580824960e-01 -4.847039994183181544e-01
-6.434230085417391720e-01 8.255859351036760607e-01
-1.037730213763496057e+00 3.424910114793880966e-01
-1.014600683507198786e+00 1.905164239746514609e-01
5.713241986483548196e-01 8.359472123743820760e-01
1.959226394367663771e+00 4.275534943903966378e-01
7.521172302935137388e-01 -1.589929799359169615e-01
3.179383089835053910e-01 2.605982091287351032e-02
1.683144064214595836e+00 -1.068761723503011130e-01
1.874233405433050947e+00 -2.243415847424682363e-01
1.261215471842297653e+00 -3.810537928164483001e-01
8.520971378843376076e-01 3.922421701892374601e-01
1.657199801653652216e+00 -1.639179589934839643e-01
1.016412212432746820e+00 -3.235676051306991541e-01
9.511016176946838208e-01 -2.807434664589626705e-02
1.632147868511160560e+00 -3.220321852803172957e-01
-1.647648145291133459e-02 8.303566840260925286e-01
1.633560144850143114e+00 -1.691777410802789983e-01
4.978863032543182632e-01 -2.244894950714300397e-01
-8.030026234807142727e-01 5.187229222034553944e-01
8.864183950934858558e-01 -4.710339124399993693e-01
1.602637208311655348e+00 -5.797246743637864963e-01
8.803321188779534845e-01 3.708344758477633563e-01
-5.486704152087897857e-01 7.998185890218052485e-01
4.393845672480399533e-02 1.091291480393673075e+00
-9.565811718521091134e-01 5.003602704860491412e-01
2.432567957172767081e-01 -4.625066142744560516e-02
9.867114274095825088e-01 -4.549969487267110368e-01
1.360516164755446011e+00 -4.098217161758496152e-01
1.456614447270710100e+00 -3.906055950752206352e-01
-7.177090630313883723e-01 8.362471749543253230e-01
1.940024398289183161e+00 3.656409054886723409e-01
1.916085307040517050e-01 3.532800351204931077e-01
-9.025239103101316829e-01 1.135352138855111326e-02
8.570525531244443940e-01 4.428839155917796422e-01
2.722197110514804064e-01 -1.477076215422789551e-01
-8.779182791325240709e-01 4.337720213987343865e-01
7.385786879469857791e-01 -6.272679360934980686e-01
-8.166699008401656634e-01 8.525705615076011046e-02
-3.676363521856242794e-02 8.866667069920994848e-01
2.116922293441522163e-01 -1.409242580573736581e-01
-8.184306074583383994e-01 3.575943532548052639e-01
-7.957117449788595476e-01 6.076114882682093210e-01
5.636578865512220649e-01 -2.594374363602086619e-01
9.491905642512850072e-01 3.761967154930911383e-01
1.802716258050244824e-01 -1.697337010406956836e-01
-7.302402968478386436e-01 6.172601750518865726e-01
9.302868756515076942e-01 4.335633902326120337e-01
-5.898344007124449728e-01 8.023929883410307884e-01
3.113407825162281539e-01 8.628524196988285322e-01
6.069656676265755557e-01 -4.176812616478027262e-01
4.827351341260255335e-01 9.013651630899373046e-01
-7.665726645316138788e-01 5.789599603886708135e-01
2.467836840363385187e-01 -2.007357941368469456e-01
6.878145475898831407e-01 -1.534514925565960142e-01
3.229069660532281061e-01 1.135458691371737938e+00
-6.163278922769004353e-01 6.582688045674999211e-01
1.898239782321422542e+00 6.878505161172077109e-02
4.450590367135002223e-01 9.318642125459116743e-01
1.067029047962237687e-01 1.133911696740048880e+00
1.402031898209678662e+00 -4.572555786397393129e-01
-8.864840622134515513e-01 6.717178359754474304e-01
-1.039949772922103888e+00 5.602764449750408104e-01
1.047568186993624417e+00 2.149751049655526103e-01
-1.177796311770789306e-01 9.572336283532244527e-01
5.789984690750977769e-01 7.419732438521450257e-01
1.800485698464629580e+00 6.246913699400595821e-01
-9.930441793549364959e-01 1.401034166764447697e-01
-3.138253427805727802e-01 8.697148110700011481e-01
1.618216716132146460e-01 2.780934194748527766e-01
-1.006334937942736873e+00 -2.278266447180662957e-02
-7.063200770008704055e-01 7.244775282317018616e-01
9.130195178061641936e-01 -4.257919052271258997e-01
6.981323874813829544e-01 -3.895790677651292389e-01
9.565533554657051907e-01 2.560530701601235193e-02
8.022489977725087984e-01 2.320085786310911447e-01
1.872529126254607879e-01 -2.451112565919003894e-01
6.281198158891357908e-01 6.891916626819744041e-01
6.778660887991955208e-01 -6.051968649837898839e-01
4.404188320791663919e-02 9.784609935055061936e-01
1.791702265009725847e+00 -9.343753460182960269e-02
1.788325990293190504e+00 3.826309544436147236e-01
-7.813405026246958984e-01 4.698724222547329132e-02
1.825957976091295287e-01 -2.210158610320446249e-01
3.358272445621406088e-02 9.220790822405485754e-01
1.698254066456977851e+00 -1.352797986718499990e-01
-4.846491713726414075e-01 9.097996086344334321e-01
2.104301202465632237e+00 2.559401827366390991e-01
-8.078649963752915220e-01 2.135072220064589688e-01
6.357903540124478781e-01 9.821696295909327912e-01
3.409545609096198415e-02 1.140512790344037963e+00
-9.825458197901358881e-01 5.556400470860587415e-01
-8.598071845908262789e-01 7.175829221791381052e-01
-7.114871145526427756e-04 2.166963376755274284e-01
8.117187688383109556e-01 -4.240089260983893604e-01
7.306431408891957968e-01 -3.834236803006862981e-01
-7.363324390790795260e-01 8.009392765050002971e-01
8.544669234593161855e-01 4.897328207993327798e-01
8.176191801683369009e-01 6.460461792905245471e-01
-9.213152055745260638e-01 3.431351071808865782e-01
6.906930574979812665e-01 8.000242405405999513e-01
1.824894964665513264e+00 -1.346700138625096625e-02
-9.933088732531140108e-01 5.295845220407969789e-01
5.822390596355991876e-01 7.180205960724477254e-01
1.961167171421478228e+00 3.482517637971754842e-01
3.688137627204307600e-01 -2.742459660665707011e-01
1.032565269822058207e+00 -4.725531539015354610e-01
-9.551216004111188207e-01 4.010306710449318413e-01
8.233429774971912085e-01 -5.093832901489240284e-01
1.342052407465248454e+00 -2.264511539199031143e-01
1.644689824704615999e+00 -2.617343084560913580e-01
7.058515507745611872e-01 5.414508395351680381e-01
8.684412157864330739e-01 -5.194522580512479504e-01
-6.260754521785099058e-01 1.048529761999168475e+00
-6.774653289401574296e-01 7.463909950418499140e-01
1.682408891261903738e+00 7.390767591494729061e-02
1.895584418122595594e+00 3.278461704457581449e-01
-9.056349839966666426e-01 9.470397447256497653e-03
2.158208214569867500e-01 1.000862796732573612e+00
2.085209981959800785e-01 8.763095732658643389e-01
-3.654769923564241130e-01 8.253331371531484884e-01
8.972070559897519226e-01 4.644360914867003420e-01
9.455050635053274810e-02 9.635495806748106684e-01
2.185891553549953667e-02 1.052375594557505956e+00
5.890545066611961866e-01 -4.329310969654510122e-01
6.095573883353964106e-01 7.151643478811016141e-01
8.951134691406698041e-01 5.328112677109443363e-01
-9.818730065825589381e-01 4.675488517739567196e-01
-1.001431055017391270e+00 -1.877287570580797316e-01
1.814624864172862617e+00 -2.318181727988699592e-01
7.089594833074169822e-01 2.359427093395803088e-01
5.185210853046957613e-01 -3.233174357271839106e-01
1.854476995004983086e+00 4.049537593624230047e-01
1.020130774695447551e+00 -3.551545051749955828e-01
2.084803306898517672e+00 3.847382249552412925e-01
1.763248538920095143e+00 -1.458300817610958533e-01
-8.755603907449331647e-02 9.577918642328454579e-01
9.696606977301591712e-01 2.372597416718252306e-01
1.093387011932132502e+00 3.619781958963147472e-01
1.526351291756872230e+00 -3.009193414565624614e-01
1.334209614209037886e-01 2.753595468057863926e-01
1.815210841662221242e+00 -1.499114226909747938e-02
1.494724380840509737e+00 -3.757226149409400584e-01
-4.676571055504146202e-01 9.950380779374315976e-01
7.811311120836813560e-01 1.340133664222192822e-01
9.749913526410676212e-01 9.752353870399581293e-02
1.264487325063055889e-02 9.792725983472430062e-01
-1.006934830950329429e+00 3.282766412119865751e-01
1.917188246195333345e+00 3.368533393948333621e-01
-6.060479370564906265e-01 5.349600670385998846e-01
-7.986744488722099522e-01 4.147680791252631449e-01
8.783351065589831697e-01 5.986693670874426720e-01
-9.315276621828532111e-01 1.250059240543009431e-01
2.113091536687181915e-01 1.018034522540904041e-01
1.305299638682263508e+00 -5.395851982742256858e-01
1.617588514627090746e-01 2.445439438112659292e-02
1.619066142513444495e+00 -3.186349997670453460e-01
1.729232747856282559e+00 9.627045383826250691e-02
7.097244558276342985e-02 4.476439524323165831e-01
2.093916995730055186e-02 1.071441319294827554e+00
-2.531049624160547906e-01 9.977627286729120470e-01
1.889633979831405908e+00 2.883415584075026405e-01
1.161885265781540832e+00 1.202473187052967851e-01
1.763011250326940615e+00 2.851626526106960102e-01
8.500723505099022637e-01 5.942184754536407043e-01
-1.418318440275306846e-02 -9.493058439860060926e-02
2.157424215312851778e+00 5.194676079435097682e-01
3.983103715065210437e-01 8.571743436246040959e-01
1.910895539327952308e+00 1.006970156404400629e-01
-1.064420693578578547e-02 9.550765765129025642e-01
-5.492867514983674759e-01 6.789703745923076905e-01
2.415850200914338580e-02 3.249412923850062973e-01
5.472913875922468252e-01 8.542944842524002880e-01
1.865293197150931226e+00 5.927018718950010090e-01
9.738329853166666217e-01 -3.032834362685722651e-02
1.521066986082238115e+00 -2.602188444201656292e-01
2.095203914866649697e+00 3.329762320110818963e-01
3.741782331636447356e-01 -4.335047288836366142e-01
3.926272440005530440e-01 -2.235471885922701574e-01
-2.779438849110117959e-01 9.756984902626205658e-01
6.596420648865067848e-01 6.424244113467358908e-01
9.698845081224402032e-01 -4.562734324458245228e-01
8.514622319448069687e-01 8.580982421480495281e-01
1.336549879402181729e+00 -3.350393102525741629e-01
-9.464235098875053431e-01 6.461436841803128162e-02
8.413078310499019219e-01 7.035457491890844128e-01
8.114983224524838779e-01 -5.743087074210796450e-01
-4.240339724355998152e-01 9.368882627270684882e-01
6.338792779580592063e-01 -4.277736461834544812e-01
-4.325735395119066906e-01 9.492331342541130423e-01
2.048814300858364135e+00 2.481352550190455974e-01
5.219594955151736215e-01 8.514328887587286898e-01
4.746745876931244834e-01 1.021138847510148384e+00
1.914100828599683224e+00 5.944811241300024252e-02
-1.633760846323324412e-01 1.093414455134335439e+00
-7.182969639506558979e-01 5.512211022538811012e-01
8.624846551504211645e-01 5.369498493437872000e-01
1.020278588530827202e+00 2.641235983831272671e-01
1.687807135558355931e+00 -3.132007561092866599e-01
6.350901426744413047e-01 6.876873330555793862e-01
1.863180068460590366e+00 -1.271097339357556144e-01
1.704821885641738533e+00 -1.126304375834992488e-01
-1.099862478357033879e+00 3.762505088078588744e-01
-9.604568279026031163e-01 7.168284747975459115e-02
6.051878909141894525e-01 7.785511162918306027e-01
2.084466253699731375e+00 5.972032494390205892e-01
3.394910506538918460e-01 9.217369560882672230e-01
6.916752739921937509e-01 7.097862576477720342e-01
-3.195628609981230328e-01 1.073190490710875356e+00
-5.292343121200996370e-01 7.735678189469639143e-01
3.118638396828269932e-01 -4.643428433567977076e-01
-6.086084827855615664e-01 5.298560909479679282e-01
1.300613690284395663e-01 3.718516633288548867e-01
-3.089571409230193466e-02 1.090062378142390154e+00
1.703092874884028607e+00 -1.609779976757829689e-01
6.956822351652022784e-02 -1.861250007001824525e-01
7.457051986003150335e-01 6.386846134739454506e-01
-3.075565763233734096e-01 1.034199011016769143e+00
1.010764618384340174e+00 7.008956152232375114e-01
5.729733729193836611e-01 -4.893156340478260202e-01
2.657977533767453826e-01 -6.903100651194371551e-02
3.880111614098259443e-01 6.985377848032665593e-01
8.470072698486902363e-02 -2.907507554867657662e-01
2.654899247587207411e-01 -6.344676701901097449e-02
1.570086737427905499e+00 -7.804303496131437257e-02
1.822077040792136060e+00 1.427196212123282293e-01
1.716875236227752621e+00 2.366900537585432951e-01
4.502611807670108268e-01 -2.242474066186878334e-01
1.351323260045884211e+00 -4.645263357855179409e-01
1.975223993702534653e+00 1.607690716630808259e-01
1.374701953620292683e+00 -4.891477317858132223e-01
7.895969803561065925e-01 -2.171655172354613472e-01
1.250208036294799374e+00 -4.061119377212075721e-01
-8.252463411609132216e-01 1.530251621360705916e-01
1.882176964670848884e-01 8.593540356286847315e-01
6.489598047945882575e-02 3.574674180420883696e-02
2.690249867442099929e-01 1.015582187328579078e+00
-1.033963550471517223e+00 6.996777819184225866e-02
-2.096067727415938386e-01 9.440613072962684704e-01
9.467520291265979493e-02 8.915182368212077879e-01
-5.883156197517071251e-02 2.464866553746893618e-01
5.528184368940187721e-01 -4.583841251644343306e-01
1.569599787066868757e+00 -4.285490758744132656e-01
1.833614645536252752e+00 -2.289142161368382111e-01
-6.728577264669306501e-01 8.842544107310406076e-01
5.157848349973174207e-01 7.626002220326879577e-01
1.983651523553700002e+00 8.860912178155351537e-02
7.810859638553119960e-03 4.240170092815734870e-01
3.368476942177674460e-01 -2.007527650672308872e-01
1.898004369457950258e+00 -1.697961678852038803e-01
1.950078803643611414e+00 2.399398001731217756e-02
-4.085831492604879295e-02 1.047982319556296060e+00
-1.738927679397523907e-01 1.042337413208208163e+00
9.551855574053269571e-02 1.044008692528833326e-02
-6.386803618876520927e-01 8.979933218408056028e-01
2.071646415500885130e-01 -1.613540401556756709e-02
1.606185125568460936e+00 -3.376191798121809251e-01
7.202104238358147947e-01 7.692002363932101128e-01
7.657526939896714957e-01 8.382396323731329257e-01
1.097222070466434163e+00 -6.292578680758427190e-01
4.383782513306892781e-03 5.015124653565761204e-02
2.586687217509393011e-01 -1.726050047925199449e-01
9.561167045179257418e-01 2.077855931420021229e-01
3.525411518459422577e-01 3.842776909592685031e-03
1.115054548711493787e-01 2.342015948674305847e-01
9.229937958207412585e-01 -4.912362932141460803e-01
-1.896852075971351137e-01 9.515871536927400509e-01
1.132611960957574881e+00 1.647723965979000504e-02
-1.593048407995138471e-01 8.576592548704259356e-01
3.268864702418999846e-01 -4.594104338343665273e-01
9.874829131190046017e-01 -7.123307779768918158e-01
1.316981872710484058e+00 -1.821089480149765683e-01
-7.911388944555747260e-01 5.133160013815503131e-01
6.468899606107829658e-01 6.152664126639004749e-01
9.967566850535048983e-01 -2.186301260062556429e-02
3.801880404438831573e-01 7.348479073515683524e-01
1.756792068589304590e+00 4.190748748759365316e-02
1.966257548625913065e+00 2.017733776147923042e-02
1.504449104670069648e+00 -2.948073157959242296e-01
-9.667000834050469837e-01 4.399435621105279859e-01
9.792130674690573411e-01 4.624602094530371188e-01
-8.092505535446924136e-02 1.005123024424739997e+00
4.671421039906327732e-01 -1.472431446564247404e-01
3.682079491880079214e-01 -2.359600256711778254e-01
8.688148289336398156e-01 3.692658899194277144e-01
7.118537710948183994e-01 7.759669515007722174e-01
1.887381750928434743e+00 -1.133108489089823256e-01
4.933149048024714212e-01 -2.068562740778729925e-01
1.863096527619778620e+00 3.420044268516848618e-01
2.012685963424723390e+00 2.184654103974538186e-01
1.198280305237179322e-01 3.086238236807933299e-01
-5.777555114628787347e-01 9.136888759559116391e-01
-6.386050806254794932e-02 2.935469772559952673e-01
7.795028272884182985e-02 1.273255186490172830e-01
1.512667501398777814e+00 -3.711304242136344023e-01
1.956435223500365694e-01 1.034347122532809582e+00
2.108341561278657683e-01 9.359922627898586978e-01
-4.192468086584110187e-01 9.399394336713123854e-01
1.872837093520081098e+00 -1.786269544810950571e-02
4.922241857437600343e-01 8.542053461185502572e-01
-1.107423852426453192e-01 1.031660174471736191e+00
1.899444165374553073e+00 3.151148905115749299e-01
9.122374208415218177e-01 -4.652099778919238648e-01
5.895797973605849673e-01 -4.780577823579673646e-01
-2.709326698780366305e-02 6.236687127156183008e-01
1.856054990916911618e-01 9.344270775166693133e-01
-9.258774165036607329e-01 5.192212732356538130e-01
9.846961788755310696e-01 -5.139638711428839990e-01
1.303113824561499712e+00 -4.284282754660435621e-01
8.947856359796679815e-01 -4.058375674907871433e-01
4.067403563718664516e-01 8.583155906227217802e-01
-4.769663973341063956e-01 1.125319736152298855e+00
-5.987398647053659984e-01 6.490766470958749812e-01
1.956141860087697415e+00 1.785504995393915606e-01
2.370864416448434375e-01 -1.749870246318888101e-01
4.413624009027858341e-01 -1.864523677616799213e-01
1.098948269395999960e-01 -2.332948349830887835e-03
9.573463089114614410e-01 -3.327692868178923624e-01
-4.241278727177831831e-01 7.035820013532185779e-01
2.051301937057015579e+00 2.163102690959106678e-01
3.134980370624702584e-01 -3.702139328892107284e-01
9.227669834222009815e-01 -5.445090243123029694e-01
-8.659992552180248992e-01 1.724882982580548396e-01
3.719390909339894691e-01 9.099875822171001882e-01
-9.249811359377743680e-02 5.002879316996111658e-01
-9.120790494632571299e-01 4.238309978775999798e-01
9.777721386531398329e-01 7.458952961138895499e-02
2.139562832556296978e+00 3.058527270859599523e-01
5.321980839407850494e-01 -3.507399846448993053e-01
1.900601752046325643e+00 1.690985737138918366e-01
-1.547913859729402597e-01 1.037753875007869420e+00
2.870982739075073620e-01 9.703326599222704685e-01
-1.045859021791331944e+00 1.044317718576063259e-01
9.296507480386255740e-01 2.110888897466534631e-01
-9.044709831435283620e-01 3.894340247436776092e-01
3.603811572440947519e-01 -1.383253010171373587e-01
-5.436603534057670162e-01 8.142309900842189530e-01
-4.449102195794507053e-01 9.492003900713866793e-01
2.574864465022946303e-01 1.027899324818247750e+00
-3.212208575466669602e-01 1.101799379746477792e+00
1.867940208511229994e+00 -1.688492185356123276e-01
1.690310868096102537e+00 -2.218112933716999413e-01
-2.121712962115672452e-01 9.071035639114300997e-01
1.743639925278992253e+00 -1.962112218492614302e-01
1.827736562171817791e-01 1.600887653590198911e-01
9.306357572919173871e-01 -3.443913218219831762e-01
1.622087198046605061e-01 -4.607593426877867882e-02
1.583489458090034940e+00 -5.084827560408279323e-01
-9.016370541954821238e-01 6.641747231509219640e-01
1.318809538540203219e+00 -4.114511326270815506e-01
-9.062017884159896397e-01 2.565403104741147411e-01
1.265348533800328079e+00 -5.746283965606567845e-01
2.078048819448166995e+00 3.508499854459046774e-01
2.294435887846314470e-01 1.627984067286698810e-02
-9.393882603719333479e-01 1.526025874642842062e-01
4.846261447729033334e-02 3.225561233378300696e-01
3.471706777923436182e-01 -4.421549330013223034e-01
-9.706155620214853563e-01 2.313224079137934930e-01
2.068867372864229004e-02 9.504372296307485035e-01
2.236406881177895323e-01 1.002237010739480016e+00
1.056572533629115629e+00 5.550202295614425907e-01
2.657403450201379358e-01 -7.522827038465003391e-02
2.894917917181225042e-01 8.584141552529701569e-01
1.004150195110405486e+00 1.959192927883744023e-02
-5.227084453650485685e-01 7.188192029203300804e-01
1.688496183993379418e+00 -2.569750393188336979e-01
-7.151608865563205408e-02 3.376386398018897950e-01
4.654761317399425807e-02 3.489654296001849787e-02
8.818937469624645864e-01 7.270082687994807724e-01
9.721032843351888886e-01 3.410744712225003972e-01
1.776571973184278175e+00 -6.045851064299323507e-02
1.900894102280319131e-01 9.130755232615063166e-01
8.604076455780097499e-01 -5.821936380277822343e-01
-8.314544965355594730e-01 5.335157491138192709e-01
1.155200417934910684e+00 -4.671680958269692208e-01
4.104156944736473966e-01 9.042618295164873699e-01
1.161851773474530836e+00 1.541896812274733131e-01
8.168698082971548313e-03 1.444396120546819623e-02
-8.139713152632715998e-01 5.848048245861110495e-01
1.923354676722156764e+00 -6.324016183717959261e-03
1.634061620731714459e+00 -1.073049881904497710e-01
4.809985196110467820e-01 7.713146468421115953e-01
6.831304660927910444e-01 6.754334825212607862e-01
5.550469902270575157e-02 3.273321994146385916e-01
-2.894302579365804623e-02 4.947775757562886123e-01
-8.562003539365498073e-01 4.252569824024254874e-01
1.496105235364936226e+00 -2.465655520915757404e-01
6.082356941772890657e-01 -1.295030035655899414e-01
1.907528449849389407e+00 4.430538165334940715e-01
1.978414282780502909e+00 1.312152663542197062e-01
-3.686591929116389554e-01 9.282730311625835284e-01
6.731798008771614494e-01 6.498339588727314320e-01
1.307754741415199984e+00 -4.818021439497822689e-01
-8.398227742181751942e-01 3.781418614638393239e-01
4.491680777310009809e-01 -5.908212287532841334e-01
-3.410044896509410450e-01 8.269050983867017868e-01
1.349580786549449685e-01 9.932392057320870160e-01
1.859048171852786702e+00 2.081222701606020575e-01
1.977275881013134118e+00 -1.727332554552528654e-01
8.883509067988186736e-01 -3.283289963653077126e-01
1.089782615416968747e+00 -5.710353698020295687e-03
6.366636825306010161e-01 5.940206024105475491e-01
-3.368302850995169573e-02 3.740248894046995787e-01
-7.862164392096963050e-01 6.587516492031042503e-01
5.450761519021827262e-01 -4.607789861199954040e-01
1.767841394270255106e+00 -2.376842202685494343e-01
-4.563029787178396468e-01 1.048159250039332857e+00
4.502535756250267696e-01 -1.520892979457216798e-01
1.078991703885447129e-01 4.365418417035560328e-01
1.733407908078135717e+00 4.661632810360279433e-01
1.896446259368540277e+00 1.753734152897805931e-01
7.985673300417118758e-01 -6.714830664547705164e-01
9.498141451863961748e-01 2.467453625514889337e-01
3.340758466854846370e-02 2.163294019048636052e-01
8.082840352413243057e-01 -4.924832565699235887e-01
3.046270718076727890e-01 -2.397659595762655083e-02
-7.879491401032151510e-01 4.822784671386292077e-01
6.101055883703386806e-01 -4.295190637054914218e-01
1.839174492315884590e+00 -9.004357829621578713e-02
6.758447278925201473e-01 -5.762655395518613277e-01
4.214690926018015427e-01 -3.343696009443631323e-01
-9.062306187967430482e-01 6.515510842477898468e-01
2.513185142522653126e-02 1.071658655614631028e+00
3.844460814995795395e-01 -8.867476564042843512e-02
-2.711629087486427947e-01 9.361030276012518581e-01
1.697209172118793852e+00 -2.134829850704057785e-01
1.469881366360629382e+00 -2.616701937031747360e-01
4.835402294535147694e-01 8.697004062059509044e-01
1.953341769569757247e+00 3.270887267110436092e-01
-6.821206602009617370e-01 8.331399691532221929e-01
4.483079233944380348e-01 9.108931359188703336e-01
-2.626570609320474925e-01 9.507938146679902891e-01
1.462955619285902231e-01 -1.935653918538620399e-01
8.970037266643389184e-01 3.578172905197408715e-01
6.966319285037985143e-01 7.732147730239610217e-01
1.414616306584504324e+00 -5.197514574511522545e-01
1.848358500674357696e+00 5.761546910992063064e-02
9.086660457402859770e-01 -5.733130481884987084e-01
5.309993174797689175e-04 -1.757060709638005869e-02
-7.602998795191615589e-01 7.229786244537064199e-01
8.752658213007055155e-01 -5.153650471314967785e-01
2.075846944138211025e+00 6.823918516997106165e-01
-2.987378140575510654e-01 1.260535987865093244e+00
1.993480170261471063e+00 9.074006561788425240e-02
1.008928406652763066e+00 2.355395119114294111e-01
7.064468531049434841e-01 4.638058774901605008e-01
2.045678212974419541e+00 3.517870549149672010e-01
-8.032065768477951728e-01 5.861250816113212636e-01
-9.418463016594251780e-01 3.859891927348338969e-01
-7.246314832068240230e-01 8.914589701138959654e-01
1.076298056696658678e+00 3.347693693835522843e-01
1.413868122182861287e+00 -4.777445462463387749e-01
9.559497060037569494e-01 9.326904005989131163e-02
1.772000129294288850e-01 2.400910872019988429e-01
1.991017805985434874e+00 -1.284218894809891764e-01
7.942590358185345201e-01 -3.283268251762741508e-01
2.023216157973564133e-01 4.348589093265782246e-01
1.979858324199983199e+00 3.265875904124131979e-01
-9.670048639216778374e-01 5.428013739884127720e-01
1.889694741326510163e+00 4.065153257650339080e-02
-8.680939730957406564e-01 6.789388969320520051e-02
8.086110191860811369e-01 6.806320134143674372e-02
-5.385796337046176996e-01 8.982104888987437752e-01
-1.082657079396249333e+00 3.864922000789419165e-01
1.611597187014619736e+00 -2.599491906212806347e-01
3.010579013313220975e-01 1.277691044686305455e-01
1.295911267828594893e+00 -4.565485731777392253e-01
8.248195139657085728e-02 1.463398520154428062e-01
4.764869516995401955e-01 9.742186303251334500e-01
-7.071103281612773905e-01 7.934345378136224980e-01
1.051388068306777113e+00 4.126100742941082866e-01
-1.646915367825604326e-01 1.065460737294630755e+00
1.921672111237520353e+00 1.185435221330321531e-01
6.311451230059457185e-01 7.678769732943775406e-01
3.717244090687948921e-02 -4.303636231238894272e-02
9.711680311435301194e-01 -5.450179163212814926e-01
1.698729677302413865e+00 -2.471854866949271257e-01
1.726175949190517755e+00 -1.601980392192514091e-01
-3.001166334790379420e-01 9.327084330527106726e-01
1.413986807599826534e+00 -5.557736200007419303e-01
-6.224893282784907944e-01 6.388961758022780879e-01
8.047107982298475903e-01 -5.007382328656979631e-01
5.793507704158301630e-02 8.210106847327013346e-01
-1.150915501869368973e-01 2.488441864083957289e-01
-5.851069792287505456e-01 6.899512434459647015e-01
6.602796720393040442e-01 5.879330276449723502e-01
4.338704070624818665e-01 -4.722925495039413946e-01
1.874526523214483431e+00 5.011058653428057674e-01
6.694356562298033886e-01 -4.722505954374568438e-01
8.249532941272872399e-01 5.185692226761163814e-01
9.201649483728420453e-02 9.862890729625458652e-01
-1.221659895529234374e+00 3.412356905071901592e-01
-8.999572245296334483e-01 3.534686406556800664e-01
7.546075664493437363e-02 1.052806568122954145e+00
8.030005072875946448e-01 2.256763922538296274e-01
2.793046291074284815e-01 -1.228815233522694839e-01
9.324156977752855457e-01 3.618931811407208876e-01
-1.042265025308082071e+00 6.137134158158911168e-01
-1.108267439379631680e+00 5.401743059565241589e-01
6.212501357100481680e-01 1.020471880912326768e+00
1.888073779530319962e+00 3.743571953501498295e-02
1.821429437549437980e+00 1.804984000310072556e-01
1.364590644507048367e+00 -4.938743731330978992e-01
-4.031107675670968504e-01 8.335864559287953224e-01
1.558218626016001807e+00 -5.284702104226706165e-01
-1.504544365029911179e-02 1.053766570534349079e+00
1.789357779560716843e-01 -7.073875070467738890e-02
-4.883426311280092968e-01 9.907575448118557393e-01
1.434149511217528150e-01 9.155610450240205811e-01
1.827685173177677758e-01 4.351060112559729243e-03
1.688538142143916065e-01 8.974208565270750393e-01
1.801893109018269656e-01 -3.430530807627601986e-02
1.402663511303415600e+00 -2.926912375323817983e-01
-6.511334776027853932e-01 7.933678793266036866e-01
7.387798207985284415e-01 -3.883520141550762528e-01
8.183306229135323129e-01 -3.828731145785688739e-01
1.515675540054502335e+00 -3.920710274624391589e-01
1.284197313539517937e-01 1.302179924538812705e-01
1.835773712791171519e+00 3.287031988100868052e-01
-6.660756478018552418e-01 7.045558681351736796e-01
-6.488468793828000569e-01 6.955869156700698053e-01
7.266203941368131192e-01 6.555817759447220006e-01
-4.827541444016535954e-01 7.773033896244878616e-01
5.734035459487271114e-01 9.235328415686209214e-01
1.168390927538401014e+00 -3.302786827865746844e-01
2.746593096760672204e-01 8.050294624422184020e-01
7.407406398423195260e-01 6.512914847541997898e-02
2.817948484278688381e-01 -1.664858989551762369e-01
1.202740997692113151e-01 5.991639185665419420e-01
4.974275765504983515e-01 8.806028916820523023e-01
-3.880327433308115026e-01 9.144133551256823367e-01
1.951506376946327004e+00 2.798690734301194083e-01
6.959731243976916559e-01 4.732386736489273549e-01
8.799251372270476823e-01 4.769207528816198916e-01
6.990821618706865026e-01 -3.652301833373838291e-01
4.749457563867535703e-01 9.496794961596209950e-01
-5.007163919861454260e-02 1.080775018579901658e+00
7.929356688871888603e-03 7.335925846383470339e-03
-1.289435238728081634e-02 9.714720590667140776e-01
-8.449255786447943395e-01 3.494258560766089206e-01
2.828571813351740682e-02 9.198286837238761615e-01
8.584452519955538818e-01 -4.633822353913116809e-01
7.663788996499237838e-01 4.248097222727647004e-01
1.866310995923620430e-01 1.063719182947162611e+00
1.823911371857061203e+00 -1.736810296813603438e-01
1.831381712109139581e+00 7.142320732002244155e-02
-8.176381840610171814e-01 7.857596473832102468e-01
9.885541228031596850e-01 1.104822228787192967e-01
1.409709476110302617e+00 -2.062885689623848995e-01
1.144263088674443596e+00 -6.261757749996041955e-01
-7.230968635519940957e-01 6.931489624463410548e-01
1.057080948565628953e+00 -5.113969489813801061e-01
2.100541327503282485e-01 8.750489487072655725e-01
1.800810382414804955e+00 -1.814059347130404509e-01
1.251449568553114067e-01 3.314125897720222591e-01
4.499705215430017113e-01 -4.214751657272481911e-01
-2.840975574459871922e-01 7.873557708464520299e-01
-8.045987357591435352e-01 3.092864579747579556e-01
3.032564952945299153e-01 1.184457299318949774e-01
8.567764013593810457e-01 -4.429453631492176746e-01
-4.714768762788926759e-01 7.251713951174608708e-01
2.217284911734148656e-01 9.806889278363744022e-01
2.362714011436870820e-01 8.120046753851337673e-01
7.074404933329951906e-01 7.148748928330537211e-01
-8.527932511585956110e-01 3.555356706095702535e-01
-1.194226536003003825e-01 8.721573873023126255e-01
-4.436339622650849190e-02 2.374119654042370908e-01
1.825400083129080198e+00 1.599215601419798349e-01
1.672127948616795520e-02 1.394508861882297612e-01
-6.886079817914579904e-01 8.399138769179602670e-01
-9.094793007543339192e-01 1.550490513294258133e-01
-6.587225107189542683e-01 5.218321328489903266e-01
2.190529491537243523e+00 2.898265428992643500e-01
5.293688094740144345e-01 -3.633841743732471596e-01
3.613040455728099842e-01 -2.731619520048164107e-01
-9.607784221323707463e-01 3.104580067421751632e-01
3.232810051354718661e-01 -5.133266887377252452e-03
2.767471987791370602e-01 -1.583037332395027530e-01
-4.072356450709264664e-01 7.978572101027006092e-01
-4.622872992929842884e-01 6.708371005773636764e-01
1.972590872568884546e+00 -1.079324862807645724e-01
1.726804850209633646e-01 -1.742709082223342087e-01
1.980821419592314170e+00 2.134303336403246265e-01
-1.367035857893427186e+00 -2.406757318464255307e-02
3.370584813404345903e-01 2.881800671824210486e-02
4.382697508221471416e-01 9.428117582386156270e-01
-2.610766507623457633e-02 1.000378250322606632e+00
2.025756089617349431e+00 1.530135136446874045e-01
-8.948148894940987086e-01 5.993631795566080056e-01
9.993030218267576203e-02 6.926912089408487905e-02
-1.104966216284382352e-02 5.356334509682353362e-02
1.777036278348577414e-01 9.739189050330582242e-01
1.824503421036415052e+00 2.196350445373896343e-01
4.257578483117527984e-02 9.389739781398901419e-01
1.108607476414107174e+00 -3.703304176536262871e-01
-9.044123937656114443e-01 2.949924864563517879e-01
-7.210546024332558090e-01 7.001297534591706118e-01
4.732641600169845697e-01 8.606608273477258653e-01
9.940068665799484116e-01 -3.436152651247399437e-01
1.043891132255953869e+00 -5.939675415472871478e-01
-1.134375170362083241e+00 -6.486795612266692268e-02
9.013941713311526271e-01 -5.603141839582440609e-01
9.284274087783030982e-01 -5.409251704193566157e-01
1.837683127910004099e+00 -3.858369317232628326e-01
1.086006874878051143e+00 1.995588852649109457e-01
8.307657258420301227e-01 7.632579446498926057e-01
6.067621045964974869e-01 -5.646169561523486369e-01
-1.174556082776974320e+00 2.655453036384898269e-01
5.460902852195020224e-02 8.410799033948996861e-01
-7.136965614483942177e-01 5.376247233055693187e-01
4.956016018929161882e-01 1.015779516375070690e+00
-1.119555292271492697e-01 9.292250514350482160e-02
9.208720186770341654e-01 3.671459183614178556e-01
9.257157088291633196e-01 -4.720227667006520744e-01
6.669888647508817603e-02 -1.078326431302801050e-02
1.193169536195175517e+00 2.447283484554008126e-01
5.410734434377074686e-01 -5.089877183871549526e-01
4.828218907828721873e-01 8.894239236638842305e-01
1.996497751466099757e+00 2.314708392450974261e-01
1.151886529651132252e+00 2.717630170493129382e-01
-1.849532936365470004e-01 8.159858554828514077e-01
1.984147712174043177e+00 2.735885761310607664e-02
-8.060722806302840493e-02 2.748781234873862722e-01
4.190681283790764766e-01 7.483781574622051513e-01
2.202436130512657630e+00 3.610417936044190146e-01
1.360919957609970921e-01 8.773261193995574025e-01
1.424844275331682120e+00 -4.108733865676196251e-01
2.166106087424871873e+00 4.553606235127579116e-01
1.472536777101027150e+00 -4.581653687843175726e-01
-1.071171103930725010e+00 3.544522205170294038e-01
5.784875200973560450e-01 -4.489221642774110510e-01
5.833073185453536702e-01 -5.043246565540735471e-01
9.052154277631910828e-01 3.408748369369927755e-01
2.656199189554253604e-01 1.186228463879587025e+00
-1.045421259954430748e-02 1.768402806337921740e-01
-7.848300030637535007e-01 2.642075098770693131e-01
1.974218516923404554e+00 2.732253671195224443e-01
7.624830056557205804e-01 4.866139554169081061e-01
5.627374509202371922e-01 -4.380077770998958564e-01
1.525816254663142413e+00 -2.378099636658505267e-01
2.396307918486435262e-01 1.006541499722689359e+00
-1.106524678505273473e-01 2.727799628428944079e-01
-8.176950940422997860e-01 3.084747842498959947e-01
2.835853239458259734e-01 -4.240611744387687287e-02
1.159826058014430172e+00 -6.824624520667158523e-01
1.226614646515792773e+00 -5.661926488955635328e-01
1.958845448419430202e+00 -1.275834541961520796e-01
-3.212060782467430764e-01 1.005587697667464919e+00
-6.828941014040759150e-01 8.089162943880562340e-01
8.485106241653267434e-01 3.010652207721983276e-01
9.446980753162976807e-01 5.581695887498964170e-01
1.377975538855927273e-01 -3.866889156104861419e-02
1.511686601953295739e+00 -3.187519825000868501e-01
6.868972749363965180e-01 -5.301922016262285986e-01
-5.411663892667257780e-01 8.448069750621207685e-01
2.857873364725518894e-01 1.249336483284599342e-02
8.913493192662567122e-01 -4.785787250363988110e-01
2.679787494135510428e-01 9.330227024966546434e-01
1.330671452261918519e+00 -3.768312168173758581e-01
9.928427057422030133e-01 1.933278249160847728e-01
6.667722718294036843e-01 6.792156441301927527e-01
8.335137770350405928e-01 7.332565903187061584e-01
1.847676499985512200e+00 -3.192463509639482666e-01
-1.581813603786266231e-01 9.653976613755322900e-01
4.009355281771102564e-01 1.097293431314845247e+00
1.710996088647991131e+00 -3.391355688010193048e-01
-2.406076000710863916e-01 9.669736289794625961e-01
6.088909705688720642e-02 9.913054211071442579e-01
5.575541469087256230e-01 -5.455450988963528314e-01
-7.793045625678830524e-01 4.713572599982551736e-01
9.895264081975631010e-01 1.571324184514876210e-01
-1.498623800177372248e-02 5.663696236237526493e-01
-1.545884032767539940e-01 6.898172376229305680e-04
8.240048105228530151e-01 1.742177795309778621e-01
-3.578540815075642589e-01 9.298449006909204062e-01
1.725689755384890667e+00 3.819536284727427511e-02
-4.365611210690657495e-01 1.016051283648166770e+00
1.188080987480897521e+00 -5.068519234188082478e-01
-1.010914838342201083e+00 4.524750483115987376e-01
1.732804288325098918e+00 -2.313502888658116041e-01
-3.543093975060026546e-01 8.215100083455768587e-01
2.216879719786016834e-01 -1.703323974700507726e-01
6.921944724395472370e-01 3.812294446957285032e-01
-1.451168788402643628e-01 9.009421587934739462e-01
6.575103178253421943e-01 4.229800883877943840e-01
-5.162187111391493000e-01 1.062279989568904126e+00
-1.657236995232375665e-01 8.784943219113561241e-01
1.050232003934519653e+00 -5.616267524159989089e-01
3.092007157966967235e-01 -1.775235463329172259e-01
3.241313949247155018e-02 1.255508798741072019e+00
-8.843119240295437278e-01 5.511734143513293827e-01
9.309213594366360089e-01 -4.611557046973101537e-01
-9.735510134809154392e-01 2.784632070705855833e-02
2.865240257713716487e-01 -4.013529665026936977e-01
1.588678873721618146e-01 1.218600127104194075e-02
1.936608735266073023e+00 3.546526016795990000e-01
9.598382413521023837e-01 4.871764284824986468e-02
2.018416954690759546e+00 -4.167072289520086514e-02
5.309669698371650703e-01 9.580481629766997020e-01
1.279683083683094580e+00 -5.086550233825124501e-01
2.588450348529391931e-01 4.070784311298142333e-01
1.463292432285815181e+00 -1.487931229486392781e-01
-1.152834162502176962e+00 2.224712820712471395e-01
-1.394872382071833672e-01 9.062645574227365941e-01
6.594906085485319203e-01 7.313739600310298350e-01
7.166564983131747946e-01 -6.078930262154802477e-01
-1.450059992563352274e-01 1.070654738336527689e+00
1.273238046205226945e-02 1.898322715174937669e-01
8.966773273812596035e-01 -6.850522415401877341e-03
2.058928022957952630e-01 8.780703628112732639e-01
5.581422218335931884e-01 7.896587046712419955e-01
3.846888783297906789e-02 2.144340702131629084e-01
5.389432686576134390e-01 -4.615784316551219679e-01
6.170334616051877941e-01 8.114647668955644599e-01
6.415178510726775585e-01 8.590388892413269861e-01
9.865783329901240961e-01 -5.419954771901760449e-01
1.386007321201870646e+00 -4.482695578204713982e-01
-1.363732834357902005e-02 2.634526758621656972e-01
6.970981531460656022e-01 6.527601420769499896e-01
-1.992699219417605749e-01 5.827213953558054715e-01
9.472584766877439888e-01 4.831869493733582654e-01
-9.676448771454290165e-01 3.462160564928333795e-01
7.701574467708676153e-01 -3.378137607998540348e-01
7.244196312454035391e-01 5.667362205448257528e-01
8.833019269620467906e-01 2.995313916057767978e-01
-9.987919757377606844e-01 1.143591963063619876e-02
3.834858689834240719e-01 9.237347436122441691e-01
8.278806695089625522e-01 7.318435300960761669e-01
-1.741344736640089985e-01 1.003913629786430839e+00
1.529713240571539234e+00 -4.983061163448513353e-01
1.447493654724585799e+00 -2.505252212061471750e-01
1.669215510956945536e+00 -3.445361993722215188e-01
9.720616454155533992e-02 1.115043222063071549e-01
8.010956131574711314e-01 -5.774355290935432317e-01
8.301997212588168029e-01 -2.288336015767176990e-01
7.000061175553955461e-01 7.464190689532018697e-01
-9.693419818559594336e-01 7.677932553121360471e-01
2.366080025110271212e-01 -6.306840489422591012e-02
1.104353094105147370e+00 -4.718369733458244730e-01
9.136264698726498379e-01 6.433688028173081275e-01
1.250430118425808201e+00 -3.731745926198976049e-01
3.159347956957440640e-01 1.097366428566760366e+00
1.343003757082759098e-01 1.352504066010644102e-01
7.806171338213681657e-03 4.862854130000184849e-01
7.014237635812228255e-01 9.053930622138297579e-01
7.922892602799017081e-02 1.165824208530851003e+00
9.122060463466509228e-01 3.218699435318688740e-01
1.996958843005703921e+00 1.997069804933721549e-01
1.458024284522856817e+00 -3.122106660286267932e-01
1.294460495904160791e+00 -4.843961276708180774e-01
1.180679525102108052e+00 1.225641470106694775e-02
1.868690554445120444e+00 2.465168914402831590e-01
1.605322421396906396e-01 2.368183636019659255e-01
4.566380672441761046e-01 8.457740167958075483e-01
1.292766985385615186e+00 -3.717778223846447405e-01
5.575161438410285442e-01 -3.562744582306553998e-01
8.788137921400958064e-01 4.114828768812629489e-01
8.162636911358980285e-01 4.990244118068867252e-01
9.609306837161701864e-01 -5.014250842258938246e-01
-9.436501126185975474e-01 2.994622111530385045e-01
5.742374382129913357e-01 7.014007484547278848e-01
5.270554666197139193e-01 8.778172294730838265e-01
1.043003128164349702e+00 -1.424019785304876662e-01
-7.385569247709962148e-01 6.126635687024482024e-01
1.243507642387583711e+00 -6.666138529749371378e-01
3.154947494321597157e-01 9.502166409277496006e-01
9.339658296281911909e-01 -5.702624520663326368e-01
-8.960767383987942036e-01 6.439461858955319862e-01
1.503760122867964233e-01 1.128048768497084964e-01
-6.466128376727890981e-01 7.970423881755646089e-01
8.231723427514843205e-01 6.748855817584766825e-01
-1.161156720107449775e-01 1.018438759060017240e+00
-9.020927866728609690e-01 7.986425027296231161e-01
2.355989265154551371e-01 -9.707306264459307499e-02
1.028562771854705238e+00 1.833896501130724555e-02
5.902086263071182337e-01 1.155024368380672239e+00
-7.794581269029337012e-01 5.835876058950653089e-01
6.929885013480698852e-01 -2.550513244781102973e-01
1.157635317850291168e+00 -3.840854192616765528e-01
-1.120403921407433279e+00 5.363091015190697419e-01
-1.028623278553983278e+00 1.657056522985713154e-01
-2.049700213640635038e-01 1.213588201595942939e+00
6.290559044388717158e-01 -2.682038711817260612e-01
1.286989235057393488e+00 -5.592925207396099996e-01
2.846639548108105822e-01 8.707462599926034663e-01
1.980901141811224564e+00 2.816330866667922650e-01
3.366778157810705885e-01 -3.412894459656274915e-01
-1.911741738461297246e-01 8.919614928392225472e-01
9.139883861058798464e-01 1.728744217150301465e-01
3.700950110602421739e-01 -3.996456469929325905e-01
-1.045765269910468920e+00 1.445127598621731291e-01
1.774947810915016078e+00 3.605298330915664984e-01
5.084839882691648549e-01 -4.825040013667866723e-01
-4.559936436112931868e-01 9.372561001193000507e-01
-4.958695344643693770e-01 6.492236754584936875e-01
1.210433450491986251e+00 -6.025693264286409168e-01
1.396436182072901655e+00 -5.072581883104059219e-01
-1.003935322581186229e+00 2.251291726592495324e-01
1.087300788483145514e-01 2.490490484448627251e-01
-3.655234915487508562e-01 9.136788879233380678e-01
-7.788449333209054304e-01 7.770205850132800851e-01
3.440374275566019935e-01 -1.090440481377119297e-01
1.744851780603683844e+00 -2.934081790021246805e-01
3.686442214228620173e-01 -3.824615570981749757e-01
9.069820798078446211e-01 1.121583134524241077e-01
1.021950743428885700e+00 -6.650150449322385082e-01
1.891589929416451099e+00 5.640846596484754283e-01
1.737821224900922001e-01 4.865096829427331682e-01
-9.325764282545673245e-01 4.475683351331118942e-01
1.977868196275987200e+00 3.641012007469705547e-01
-1.029478948581687092e+00 4.197750113608356148e-01
1.550615094603858546e-01 7.444189456410629790e-02
-1.013113970640189709e+00 4.405486890013712853e-01
1.067049376738036681e+00 -3.996619308027275497e-01
2.885000796376253063e-01 -6.359120628938842723e-02
-8.614810798912508893e-01 5.235607563576856194e-01
-2.820345164574431518e-01 8.353424927461565730e-01
-3.417169248618126542e-02 2.915504551354692331e-01
1.136912679605896342e-01 9.873954048891300239e-01
9.398203998482643762e-01 -5.488510281811553870e-01
1.939087692842611732e+00 4.649745307114176995e-01
4.345457317218833770e-01 9.074535465650270805e-01
8.434191491762212944e-01 4.636784031575331699e-01
1.142921694189629432e-02 3.982251784054467447e-01
-1.078171567889301130e+00 8.809834276267676512e-02
1.568056938318670657e+00 -5.034477355728614878e-01
7.693316029781207543e-01 7.850218654800698026e-01
1.490007328429196809e+00 -2.480218251176095623e-01
1.921457704395146848e+00 -4.719970797682804253e-02
-3.813546984459627032e-01 7.805751276326323707e-01
1.764192724437250837e+00 -1.653825786798350517e-01
1.869016071414990598e+00 3.744026214551696152e-01
8.666963561594934751e-01 2.847577738015073523e-01
1.492901185112395668e+00 -3.419618917678191594e-01
8.310346846283814815e-01 -4.607000082402255559e-01
9.354834004220117238e-01 -3.887428195538345510e-01
1.103041927579013093e+00 2.375044005800971969e-01
-7.833059115742194711e-01 6.525895342567885615e-01
8.110418956679876779e-01 -5.126924378335754318e-01
3.053664235710841224e-01 -4.075274904307212287e-01
2.260640382779390833e-01 -1.777996267287157151e-01
-8.907018023440194110e-01 7.275182186204548485e-02
1.867848601153215479e-02 3.069709987474629198e-01
4.638316998924554291e-01 -3.390678758909048129e-01
7.298931335896264860e-01 6.742171621105906842e-01
-2.433886365716197708e-01 7.359950170812856740e-01
-2.082167790145775521e-01 9.979518480328162244e-01
-2.692416368816986094e-01 1.118132835154810323e+00
-2.110866306957832061e-01 9.202502991054465342e-01
1.441179707801174326e+00 -2.180496033514499055e-01
2.456287829050646521e-01 1.032976725668270035e+00
-9.894451616771111624e-01 1.495966986975491020e-01
1.548314900993215781e+00 -3.947239516764607936e-01
1.605418324963501453e+00 7.021207870817836039e-03
9.538634821520490803e-01 2.901120475282508160e-01
1.172195697101851675e+00 -3.381665312627380460e-01
1.431689211119280616e-02 2.814335743257129208e-01
6.444663274612223436e-01 -2.924020471989801639e-01
3.279734551203639104e-01 -2.493071016085999791e-01
5.274453097862239481e-01 -5.880179201123660881e-01
1.255806764072859849e+00 -4.548727144349876683e-01
1.477564581822931267e+00 -4.437484832196478268e-01
9.377809023025081014e-01 4.608226567451498834e-01
-4.855808443279473474e-01 6.971084090412897893e-01
5.605930296053899253e-01 9.333074622382663277e-01
7.488416427591493285e-01 -5.636543281922082871e-01
-1.211143535207955146e+00 9.803920650652954427e-02
8.910546096468037192e-01 2.644970484088040030e-01
-6.831389075924247933e-01 3.445681195297052302e-01
8.233792225805040832e-02 9.872880045393940263e-01
-7.237233725159255560e-01 6.058692873219252428e-01
1.773017634620795091e+00 2.355718841461472424e-02
-6.565332430044653611e-01 8.501613528500671091e-01
7.625917807951070326e-01 -5.185000892516334892e-01
2.140855808929090554e+00 2.984298701317874558e-01
1.213899633787925980e+00 1.769462900963354179e-01
4.638638906111802740e-01 -3.111960743393206164e-01
8.473524314386073897e-01 6.259345448204132190e-01
2.093414712036021086e-01 -3.988115227792329853e-02
9.249768204485760981e-01 1.705207170945928774e-01
4.898026793938366208e-02 8.663800427204784715e-03
8.584778120584020122e-01 3.543144686702953683e-01
3.234509326303353777e-02 1.129069466913790731e-01
1.821329462054651627e+00 7.587160100496323500e-02
1.795774538091614358e+00 -1.192771725405494532e-01
1.358233693754107074e+00 -4.184471750805723311e-01
-6.679135339125130688e-01 8.592693278138004986e-01
8.990965279298780422e-01 -4.529313383551863970e-01
8.834306582327567936e-01 3.519534845777287924e-01
-2.717153873329669622e-01 1.109657597244005478e+00
7.816221823152667003e-01 4.316672739130879566e-01
-8.038874637121480315e-01 7.456700621695911968e-01
1.284677379649590501e+00 -4.525985588118199288e-01
2.001209138114709241e+00 -3.272035246000354336e-02
8.928705675698881405e-01 -5.456247780528240554e-01
6.439782787031881339e-01 -3.832030400391912561e-01
2.678343443939069646e-01 1.021735179752645273e+00
2.617480738535059304e-02 2.416953859136120597e-01
1.865325594373157925e+00 -3.309018050056024285e-02
1.558644170212714897e-01 7.734283112454181097e-01
8.119894432266756557e-01 7.615584213524735357e-01
1.910139463582912978e+00 1.643885901902479851e-01
9.970618720470267871e-01 2.459486893571649901e-01
-9.881594228096408639e-01 4.172696703109487482e-01
1.607776107317314684e+00 -1.489212771936870572e-01
1.215364477038890362e-02 4.808114234110626439e-01
1.884687358805339885e+00 1.503924112458623619e-01
1.139270608683030428e+00 -5.046105671069369691e-01
3.945179795809471979e-01 -2.238590633136394725e-01
-1.343609376455932869e-01 4.720348413108546581e-01
1.635140293108279241e+00 -3.227887775331796938e-01
3.895411671458739455e-01 -1.376045275846476679e-01
-4.451817151165212150e-01 9.816905209666390020e-01
8.229526157908627626e-01 -4.651534269944956196e-02
5.511466373149470632e-01 6.947426376279084437e-01
-1.035795700210227765e-01 8.715646719478098436e-02
8.596497260066285895e-01 2.883175889253951074e-01
5.063541258988516480e-01 -5.724518236841611429e-01
-1.033253208490503283e+00 7.105267931244795276e-01
2.080397669615078882e-01 1.155745697803980621e+00
-1.018240923705728607e+00 1.562905268330150033e-01
-2.052340483843793917e-02 2.544997281866939187e-01
8.910303965314447794e-01 -4.105020394968821318e-01
8.180041015821959416e-01 -5.090581091825489013e-01
1.771210821264641355e+00 -1.858842263332520506e-01
-9.154344169659308639e-01 -8.937074282962018112e-02
