[Model Parameters]
[ 5.01678149e+01 -4.58760049e+01 -1.03965954e+01 -1.41139508e+01
 -2.55959636e+01 -8.38648583e+01 -1.93194339e+01 -8.84850017e-03
 -4.46806945e+01 -3.44395614e+01 -1.45477639e+01 -4.17096759e+00
 -1.19474912e+01 -2.38812702e+01 -2.71739421e+01 -1.41910388e+01
 -1.10178557e+00 -1.09103131e+01 -1.01475795e+00 -2.66736580e+01
  7.41335564e+01]

[Hyper Parameter] (k-fold cross validation 결과)
Epoch = 10,000
Learning Rate = 0.1

[최종 loss]
0.012265941049567424

[Prediction]
[1. 1. 1. 0. 0. 0. 0. 0. 1. 1. 0. 1. 1. 1. 0. 1. 1. 0. 0. 0. 1. 0. 0. 1.
 0. 1. 1. 1. 1. 0. 0. 1. 0. 1. 0. 1. 1. 0. 0. 0. 1. 0. 0. 1. 0. 1. 1. 1.
 0. 0. 1. 0. 1. 0. 0. 0. 0. 1. 0. 0. 1. 0. 1. 1. 0. 1. 0. 1. 0. 0. 1. 0.
 1. 0. 1. 0. 0. 0. 0. 1. 1. 1. 1. 1. 1. 0. 1. 1. 0. 1. 0. 1. 1. 0. 1. 1.
 0. 0. 0. 0. 1. 1. 1. 1. 0. 1. 1. 0. 0. 1. 0. 1. 0. 0. 1. 0. 0. 1. 0. 1.
 0. 0. 0. 0. 1. 0. 0. 1. 1. 0. 0. 1. 0. 0. 1. 0. 0. 0. 0. 0. 1. 0. 0. 1.
 0. 0. 1. 1. 0. 0. 1. 0. 1. 0. 1. 1. 0. 1. 0. 1. 0. 1. 0. 0. 0. 0. 0. 1.
 1. 1. 0. 0. 0. 0. 0. 1. 0. 0. 1. 1. 1. 0. 1. 1. 1. 0. 1. 0. 0. 1. 1. 0.
 0. 0. 0. 0. 0. 0. 1. 0. 0. 0. 0. 1. 0. 1. 1. 1. 1. 1. 0. 0. 0. 1. 1. 1.
 1. 0. 0. 0. 0. 0. 1. 0. 0. 0. 0. 1. 1. 1. 1. 1. 1. 0. 0. 1. 0. 1. 0. 1.
 1. 0. 1. 0. 0. 1. 0. 1. 0. 1. 1. 1. 1. 0. 0. 1. 0. 1. 0. 0. 1. 0. 1. 0.
 1. 0. 0. 1. 0. 0. 0. 0. 1. 0. 1. 1. 0. 0. 0. 1. 0. 0. 0. 0. 1. 0. 1. 0.
 1. 1. 0. 0. 0. 1. 1. 0. 1. 1. 1. 1. 1. 1. 1. 1. 1. 1. 1. 0. 0. 1. 0. 0.
 0. 0. 1. 1. 1. 1. 0. 0. 1. 1. 1. 1. 1. 0. 0. 1. 0. 1. 1. 0. 0. 1. 1. 1.
 0. 1. 1. 1. 0. 0. 0. 1. 1. 1. 0. 0. 0. 0. 1. 1. 1. 0. 0. 0. 1. 1. 0. 0.
 1. 1. 1. 1. 1. 0. 1. 1. 1. 0. 0. 0. 1. 0. 0. 1. 1. 1. 1. 0. 0. 1. 1. 1.
 0. 0. 0. 1. 1. 1. 1. 1. 0. 1. 1. 1. 0. 0. 1. 0. 0. 1. 1. 1. 0. 0. 0. 0.
 0. 1. 0. 0. 0. 0. 1. 1. 0. 1. 1. 1. 1. 1. 0. 1. 0. 1. 1. 1. 0. 1. 1. 0.
 0. 0. 0. 1. 0. 0. 0. 1. 1. 1. 0. 0. 1. 0. 1. 0. 1. 0. 0. 1. 0. 1. 1. 0.
 0. 1. 1. 0. 1. 1. 1. 1. 0. 0. 1. 0. 1. 0. 0. 1. 1. 1. 0. 0. 1. 0. 1. 1.
 0. 1. 1. 1. 1. 1. 0. 1. 1. 1. 0. 1. 1. 1. 1. 0. 0. 1. 0. 1. 1. 0. 1. 0.
 0. 0. 1. 0. 0. 1. 1. 1. 1. 0. 1. 1. 0. 1. 0. 0. 1. 0. 0. 0. 0. 1. 0. 1.
 1. 1. 1. 1. 0. 1. 0. 0. 0. 0. 1. 1. 1. 1. 0. 0. 0. 0. 1. 0. 1. 1. 1. 1.
 0. 1. 0. 1. 0. 1. 0. 0. 1. 1. 1. 0. 0. 0. 0. 0. 0. 1. 0. 0. 0. 0. 1. 1.
 1. 0. 1. 0. 1. 0. 0. 1. 0. 1. 1. 0. 1. 1. 1. 1. 1. 0. 0. 0. 0. 0. 1. 0.
 0. 1. 1. 0. 0. 1. 0. 0. 1. 0. 0. 1. 0. 0. 0. 1. 0. 0. 1. 1. 0. 0. 1. 1.
 0. 1. 0. 1. 1. 1. 0. 0. 1. 1. 0. 0. 0. 0. 0. 0. 1. 1. 1. 0. 0. 0. 1. 1.
 1. 0. 1. 1. 0. 0. 1. 1. 1. 0. 1. 0. 0. 1. 0. 1. 1. 0. 1. 0. 1. 0. 0. 0.
 1. 1. 0. 1. 1. 1. 0. 0. 1. 0. 0. 0. 0. 1. 0. 1. 1. 0. 1. 0. 1. 0. 0. 1.
 1. 0. 1. 0. 1. 1. 1. 0. 1. 1. 0. 0. 1. 0. 1. 0. 1. 1. 0. 1. 0. 1. 1. 1.
 1. 0. 0. 0. 0. 1. 1. 1. 0. 1. 1. 0. 1. 0. 0. 0. 1. 0. 0. 1. 0. 0. 1. 0.
 0. 1. 1. 0. 0. 1. 0. 1. 0. 1. 0. 1. 0. 0. 0. 0. 0. 1. 1. 0. 0. 1. 0. 1.
 1. 1. 0. 1. 0. 1. 1. 1. 0. 0. 0. 1. 0. 1. 0. 0. 0. 1. 1. 0. 0. 1. 1. 1.
 0. 1. 0. 0. 1. 0. 0. 0. 0. 0. 0. 1. 1. 1. 1. 1. 1. 0. 0. 1. 1. 0. 1. 0.
 1. 1. 0. 0. 0. 1. 1. 1. 0. 1. 1. 0. 1. 1. 0. 0. 1. 0. 0. 0. 0. 0. 1. 0.
 1. 0. 1. 0. 0. 0. 0. 1. 0. 0. 0. 1. 1. 0. 0. 0. 1. 1. 0. 1. 1. 0. 0. 1.
 0. 1. 1. 0. 0. 1. 1. 0. 1. 0. 0. 1. 1. 1. 0. 1. 1. 1. 0. 1. 0. 1. 0. 1.
 1. 0. 0. 1. 0. 1. 1. 0. 0. 1. 0. 1. 0. 1. 1. 0. 1. 1. 0. 1. 1. 1. 0. 0.
 1. 1. 1. 0. 1. 1. 0. 0. 0. 0. 0. 1. 0. 0. 1. 1. 0. 1. 1. 1. 1. 1. 1. 1.
 0. 0. 0. 1. 0. 0. 0. 0. 0. 1. 0. 1. 1. 0. 1. 0. 1. 0. 1. 0. 1. 1. 1. 1.
 0. 1. 0. 0. 0. 0. 1. 1. 1. 1. 0. 1. 1. 0. 0. 1. 0. 0. 1. 1. 1. 1. 1. 1.
 1. 1. 0. 0. 0. 1. 0. 1. 0. 0. 0. 1. 1. 1. 1. 0.]
