[Model Parameters]
 [ 48.09505151 -53.62580337 -51.81655184 -49.65334126  46.1856364
 -52.34735961 -37.72409484  59.66814551  60.1514888  -40.0042387
 -27.30981395  54.34631885  71.04151063  56.26651477 -28.4457305
 -19.48273937  46.05532756  62.42674704  63.5884852   49.07208303
 -19.8747927 ]

[Hyper Parameter] (k-fold cross validation 결과)
Epoch = 10,000
Learning rate = 0.1

[최종 loss]
1.7381167718132802

[Prediction]
[1. 0. 0. 1. 0. 0. 1. 1. 0. 0. 0. 1. 0. 0. 1. 0. 0. 0. 1. 0. 1. 0. 0. 0.
 0. 0. 0. 0. 0. 1. 0. 0. 1. 0. 0. 0. 0. 0. 1. 0. 0. 1. 0. 0. 1. 0. 0. 0.
 0. 1. 1. 0. 1. 0. 1. 0. 0. 1. 0. 1. 0. 1. 1. 0. 1. 0. 1. 1. 0. 1. 1. 0.
 0. 1. 0. 1. 1. 0. 0. 1. 0. 1. 0. 0. 1. 0. 0. 1. 1. 1. 1. 1. 0. 1. 0. 1.
 0. 0. 0. 1. 1. 1. 0. 0. 1. 0. 0. 1. 0. 0. 0. 0. 0. 1. 0. 0. 1. 0. 1. 1.
 0. 1. 0. 0. 0. 1. 0. 0. 1. 1. 1. 0. 0. 1. 1. 0. 1. 0. 1. 1. 1. 0. 1. 0.
 0. 0. 0. 0. 1. 0. 0. 0. 1. 1. 1. 0. 0. 1. 0. 0. 0. 1. 1. 1. 0. 1. 1. 0.
 1. 0. 0. 1. 0. 1. 0. 0. 0. 0. 0. 1. 0. 1. 1. 1. 1. 0. 1. 0. 0. 0. 0. 1.
 1. 1. 1. 1. 0. 0. 0. 0. 1. 0. 0. 1. 1. 0. 0. 1. 1. 1. 0. 0. 1. 0. 0. 0.
 0. 1. 1. 0. 1. 0. 0. 1. 1. 1. 1. 1. 1. 0. 0. 1. 0. 1. 1. 0. 0. 0. 1. 0.
 1. 0. 0. 1. 1. 0. 0. 1. 0. 0. 0. 0. 0. 0. 1. 1. 0. 1. 0. 0. 0. 0. 1. 0.
 0. 1. 0. 0. 1. 1. 0. 1. 0. 1. 1. 1. 1. 1. 1. 0. 1. 0. 0. 1. 0. 1. 1. 0.
 0. 1. 1. 1. 1. 1. 0. 0. 1. 1. 1. 1. 0. 0. 0. 0. 0. 1. 0. 1. 1. 0. 0. 1.
 0. 1. 0. 0. 0. 1. 0. 1. 0. 0. 1. 1. 1. 1. 1. 0. 1. 1. 1. 1. 0. 1. 0. 1.
 1. 0. 0. 0. 1. 1. 0. 0. 1. 0. 1. 0. 1. 0. 1. 0. 1. 1. 1. 0. 0. 0. 1. 0.
 0. 1. 0. 1. 1. 1. 1. 1. 1. 0. 1. 0. 0. 1. 0. 1. 1. 0. 0. 1. 1. 0. 0. 0.
 0. 1. 1. 0. 1. 1. 0. 1. 0. 1. 0. 1. 1. 1. 0. 0. 0. 1. 1. 0. 0. 1. 0. 1.
 0. 1. 1. 0. 0. 0. 0. 0. 0. 0. 0. 0. 1. 1. 0. 0. 1. 0. 0. 1. 1. 1. 1. 1.
 0. 1. 1. 0. 1. 1. 0. 1. 0. 1. 0. 0. 1. 0. 0. 0. 1. 0. 1. 0. 0. 0. 1. 1.
 1. 0. 1. 1. 0. 0. 1. 0. 1. 0. 0. 1. 0. 0. 0. 1. 1. 0. 0. 1. 1. 0. 1. 0.
 1. 1. 1. 1. 0. 1. 1. 0. 0. 1. 0. 0. 0. 0. 0. 1. 1. 0. 1. 1. 1. 0. 1. 1.
 1. 1. 1. 1. 0. 1. 1. 1. 0. 0. 1. 0. 1. 0. 0. 0. 0. 1. 0. 1. 1. 0. 1. 0.
 1. 1. 1. 1. 1. 1. 0. 1. 0. 1. 0. 1. 1. 0. 1. 0. 1. 1. 0. 0. 1. 0. 1. 1.
 0. 1. 0. 1. 0. 1. 1. 1. 1. 0. 1. 1. 0. 0. 0. 0. 1. 1. 1. 0. 0. 0. 1. 0.
 1. 1. 0. 0. 0. 1. 0. 1. 1. 1. 1. 1. 0. 0. 0. 0. 1. 0. 1. 0. 0. 0. 0. 1.
 0. 0. 1. 1. 0. 0. 1. 1. 0. 0. 1. 1. 0. 1. 1. 0. 0. 1. 1. 0. 0. 0. 1. 0.
 1. 0. 1. 0. 1. 0. 1. 1. 1. 1. 1. 0. 0. 1. 0. 1. 0. 1. 0. 0. 1. 1. 1. 0.
 0. 0. 0. 1. 0. 0. 0. 0. 0. 1. 1. 1. 1. 0. 1. 0. 0. 0. 0. 0. 0. 0. 1. 1.
 0. 1. 1. 0. 1. 0. 0. 0. 1. 1. 1. 1. 0. 1. 0. 0. 1. 0. 1. 1. 0. 1. 0. 1.
 0. 1. 0. 1. 0. 1. 1. 0. 0. 0. 1. 1. 1. 0. 1. 1. 1. 0. 0. 0. 1. 0. 0. 0.
 0. 0. 1. 0. 0. 1. 1. 0. 0. 1. 1. 1. 1. 0. 1. 1. 1. 0. 0. 1. 1. 1. 1. 0.
 1. 0. 0. 0. 0. 0. 1. 1. 0. 1. 1. 0. 1. 0. 1. 0. 1. 0. 1. 1. 0. 0. 1. 0.
 1. 0. 0. 1. 1. 0. 0. 1. 0. 0. 0. 1. 1. 1. 1. 0. 0. 1. 1. 1. 1. 0. 0. 0.
 1. 1. 1. 1. 0. 1. 0. 1. 1. 1. 0. 0. 0. 1. 1. 0. 1. 0. 1. 1. 0. 1. 0. 0.
 1. 0. 0. 1. 1. 1. 1. 0. 0. 1. 1. 1. 1. 1. 0. 0. 1. 0. 1. 1. 1. 0. 1. 0.
 1. 0. 0. 1. 0. 1. 0. 0. 0. 0. 1. 0. 1. 1. 0. 1. 0. 0. 0. 0. 1. 1. 1. 0.
 1. 1. 1. 1. 0. 1. 0. 0. 1. 0. 0. 0. 1. 1. 0. 0. 1. 1. 1. 0. 1. 0. 1. 1.
 0. 1. 1. 0. 1. 1. 0. 1. 1. 0. 1. 1. 0. 1. 1. 0. 1. 0. 1. 1. 0. 0. 0. 1.
 1. 0. 0. 1. 0. 1. 1. 1. 1. 0. 0. 0. 0. 1. 0. 1. 1. 1. 1. 0. 0. 0. 0. 1.
 1. 0. 0. 0. 0. 1. 0. 1. 1. 1. 0. 1. 0. 1. 0. 1. 1. 0. 1. 0. 1. 0. 0. 1.
 1. 0. 1. 1. 1. 0. 0. 1. 1. 1. 1. 0. 0. 1. 0. 1. 1. 1. 0. 1. 1. 0. 0. 1.
 1. 1. 0. 1. 1. 0. 1. 1. 1. 0. 1. 1. 1. 1. 0. 1.]

