   7.4292912e-01   7.4589689e-01
   6.5132350e-01   1.4030358e-01
   3.8041724e-01   5.9079710e-01
   1.5718124e-01   5.1878791e-02
   3.2311500e-01   8.5147536e-01
   3.0313256e-01   6.5180916e-01
   7.5672626e-01   9.0362156e-01
   5.9684876e-01   9.9910397e-01
   6.0567691e-02   6.8936699e-01
   4.2261180e-01   8.8059610e-01
   3.1740171e-01   7.0686557e-01
   6.6252240e-01   8.7686712e-01
   3.9636210e-01   8.5828897e-01
   8.5057072e-01   3.6909745e-01
   1.9771998e-02   1.9888064e-01
   9.0397109e-01   2.5664189e-01
   2.1700269e-01   9.8560506e-01
   2.9696978e-01   7.3025361e-01
   9.1495296e-01   6.6992335e-01
   4.4344228e-01   9.7699754e-01
   6.0975819e-01   8.2238069e-01
   2.6869432e-01   6.7286818e-01
   1.1765442e-02   5.8880093e-01
   7.1640186e-01   2.5424614e-01
   7.5729133e-01   3.6469510e-01
   7.8857607e-01   3.8655895e-01
   2.6944044e-01   7.6948787e-01
   3.5085660e-01   6.5748482e-01
   4.1175831e-02   9.4993898e-01
   3.3317120e-01   1.2692459e-01
   7.8303068e-01   2.4085973e-01
   3.3909374e-01   6.5597728e-01
   6.8255572e-01   7.2464362e-01
   9.3511733e-01   9.6140035e-02
   3.9145377e-01   8.9962034e-01
   7.3517267e-01   2.2596912e-01
   1.3782618e-01   7.2577229e-01
   1.4294838e-01   5.9083918e-01
   1.3585318e-01   6.3490610e-02
   6.6467539e-01   4.2891704e-01
   7.7577429e-01   1.7564816e-01
   7.3789958e-02   8.1973568e-02
   2.0130724e-01   9.5125371e-01
   7.3591701e-02   5.9232604e-01
   2.5483979e-01   3.7215028e-01
   6.3208482e-01   4.2407493e-01
   8.3247354e-01   3.5980629e-01
   2.4601353e-01   9.1870096e-01
   3.1371619e-02   7.7482170e-01
   3.9861082e-02   3.7222196e-01
   5.6793834e-01   6.2738826e-01
   1.5883454e-01   8.2741648e-01
   4.0720777e-01   1.9836016e-01
   3.0564564e-01   7.7421523e-01
   8.0211786e-01   8.9232627e-01
   9.2354859e-02   7.3491469e-01
   8.2830729e-01   4.2645601e-01
   3.8805679e-01   1.3460952e-01
   1.4635245e-01   9.5188851e-01
   2.2074277e-01   2.5729472e-02
   1.1215591e-01   6.3156094e-01
   6.9005196e-01   8.8734757e-01
   7.9238188e-01   7.9156932e-01
   9.6517249e-01   3.2625496e-01
   2.2627623e-01   3.0802867e-01
   2.1252696e-01   9.3331744e-01
   5.6252717e-01   9.8532504e-01
   3.9350048e-01   2.6836255e-01
   4.3694969e-01   5.7833811e-01
   9.6952043e-01   5.6804725e-01
   6.3810263e-01   9.4941264e-01
   3.2547565e-01   5.5855471e-01
   7.3491953e-01   1.6482439e-01
   2.3874854e-01   1.0601544e-01
   2.0164568e-01   6.2489179e-01
   2.9179345e-01   2.0139966e-01
   4.7398714e-02   3.8176183e-01
   9.0523558e-01   4.4103706e-01
   2.4676029e-01   6.3918715e-01
   9.9111377e-01   6.9545406e-01
   9.5238570e-01   1.5867745e-01
   6.6868851e-01   5.7141588e-01
   4.1008238e-01   5.6900068e-01
   6.0313829e-01   5.6339067e-02
   8.4729254e-01   7.1649196e-01
   1.9495671e-01   9.3647094e-01
   9.4640221e-01   1.5590813e-01
   4.2012667e-01   2.3221939e-02
   9.1567489e-01   8.1316820e-01
   5.2349234e-02   3.8050566e-01
   8.8788712e-01   8.4437149e-01
   7.7888490e-01   6.7519652e-01
   6.1957110e-01   1.6377535e-01
   8.4474457e-01   8.2671023e-01
   7.0002101e-01   3.6920280e-01
   4.2469577e-01   1.2488307e-01
   5.8742754e-01   4.0911557e-01
   6.5844849e-01   1.7937843e-01
   9.9615024e-02   9.9119888e-01
   9.2871587e-01   8.1357971e-01
   2.7773012e-01   3.0092747e-01
   8.0389515e-01   7.9167581e-01
   9.5872702e-01   2.5690017e-01
   3.4915305e-01   9.0357581e-01
   6.8577937e-01   8.4423232e-01
   7.1546935e-01   2.3699977e-01
   3.0645103e-01   7.8460708e-01
   6.9612534e-01   6.5326123e-01
   7.1811767e-02   6.3383729e-01
   5.9103520e-01   1.3354233e-01
   6.6988230e-01   7.6470200e-02
   7.8202303e-01   4.0783842e-01
   3.0631404e-01   8.3663306e-01
   6.9476189e-01   6.2587816e-01
   1.3120145e-01   6.6480871e-01
   9.7947003e-01   4.3854878e-02
   5.8972280e-02   3.5548216e-02
   4.2055297e-01   6.4987456e-01
   7.7680512e-01   7.0337283e-01
   8.9579863e-01   5.8964491e-01
   4.0706026e-02   7.6538089e-01
   2.5087557e-01   2.4611282e-01
   1.7593522e-01   7.8048459e-01
   9.9686609e-02   7.4999926e-01
   2.3586703e-01   7.6165009e-01
   6.2620814e-02   2.4716635e-01
   9.4625926e-01   2.9940763e-01
   1.9899097e-01   8.0568043e-01
   9.1241984e-01   6.3717770e-01
   9.5107553e-01   8.4606423e-01
   6.1069375e-01   6.8559034e-01
   1.7205578e-01   6.2867272e-01
   7.4086088e-01   1.0752047e-01
   1.7433905e-01   3.7052952e-02
   3.3852703e-01   4.7273615e-03
   7.7948382e-01   2.3587038e-01
   6.5909891e-01   5.7380623e-01
   5.9299488e-01   3.9896881e-01
   2.4919854e-01   1.0158053e-02
   3.2227404e-01   4.4020022e-01
   2.5712003e-01   1.6984977e-01
   8.9346228e-01   4.0649962e-01
   9.8341066e-01   9.1930968e-01
   8.3289871e-01   3.1404035e-01
   6.7664181e-01   3.7541956e-01
   3.0462257e-01   6.5192416e-01
   9.9844941e-01   6.4967626e-03
   6.0057120e-01   7.9418233e-02
   3.7692191e-01   2.6575362e-02
   9.4761647e-01   3.2182975e-01
   6.0334150e-01   3.2820707e-01
   5.8089002e-01   3.4776286e-01
   7.3265694e-01   7.0195988e-01
   7.6366452e-01   8.2677718e-01
   5.5607287e-01   7.5502728e-01
   7.2517196e-02   9.1243364e-01
   3.9064486e-02   8.4739289e-01
   2.2072195e-01   1.6222682e-01
   5.9258198e-01   3.3175298e-01
   9.3141709e-01   2.0752785e-01
   6.3282147e-01   2.2615827e-01
   3.5905383e-01   1.9757135e-01
   1.1013197e-01   3.9196790e-01
   1.0764119e-01   1.8565476e-01
   3.3891875e-01   7.6323131e-01
   2.7052013e-01   7.3133875e-02
   7.7231407e-01   6.9440687e-01
   5.8275608e-01   4.2990198e-01
   4.2780873e-01   1.9898817e-04
   6.9484721e-01   3.8968545e-01
   7.3840259e-01   1.2560858e-01
   3.2383170e-01   3.8714667e-01
   3.2362673e-01   8.7211403e-01
   3.9528043e-01   7.6868568e-02
   3.8347165e-02   9.6689577e-01
   3.9810434e-02   8.6220400e-01
   9.0108017e-01   1.0850123e-01
   6.5323990e-02   9.9595406e-01
   1.9788924e-01   7.5261522e-01
   1.3880478e-02   2.1926166e-01
   8.9188654e-01   1.1918973e-01
   5.7598403e-01   9.2604157e-01
   7.9989656e-01   6.6383955e-01
   6.5803042e-01   8.3460853e-01
   7.3803011e-01   6.3860557e-01
   1.0000000e+00   2.3472797e-01
   9.7516684e-01   7.9495905e-01
   7.4249185e-01   3.2436356e-01
   7.1384510e-01   3.5258748e-01
   7.3937450e-01   1.3187791e-01
   3.9527541e-01   8.2232389e-01
   8.5712132e-01   9.6319241e-01
   1.4379240e-01   1.7517985e-02
   1.9281980e-01   2.0290685e-01
   2.4744634e-01   2.0537083e-01
   1.2447034e-01   4.0572648e-01
   7.7601078e-02   7.9310903e-01
   2.2870858e-01   9.1617539e-01
   9.4306036e-01   3.7092943e-01
   5.9230564e-01   2.2240034e-01
   6.8314370e-02   1.6299381e-01
   8.4697024e-01   1.2044576e-02
   2.2284581e-02   7.6560832e-01
   3.3195270e-02   3.2311235e-01
   7.0969362e-01   8.2726690e-01
   5.8527097e-01   3.2048475e-01
   5.7138478e-01   1.9041947e-01
   8.5136669e-01   6.7635153e-01
   7.7552633e-01   5.6044959e-01
   7.5514105e-01   6.5314302e-01
   9.8827160e-01   8.6415009e-02
   9.8802882e-01   7.7282740e-02
   5.0286352e-03   2.1033414e-01
   8.8496511e-01   2.2251934e-02
   8.9506009e-01   2.9829878e-01
   1.1427692e-01   8.1071662e-01
   9.5291158e-01   3.1010336e-01
   9.2361680e-01   6.0347094e-01
   3.7790485e-02   3.2894881e-01
   7.7551422e-03   6.0104459e-01
   3.6447836e-01   1.8909208e-01
   3.6177445e-01   8.4973336e-01
   6.0952519e-01   1.5682189e-01
   9.0089438e-01   8.7379935e-01
   3.4695743e-01   2.2223144e-01
   6.7543169e-01   9.6448357e-01
   6.1351883e-02   1.0868073e-02
   3.0512230e-01   1.0278150e-01
   4.0390690e-01   2.2328152e-01
   7.0450633e-01   4.5111605e-02
   5.8091988e-01   4.0152759e-01
   7.7515038e-01   7.8169436e-01
   8.0884526e-01   1.3672958e-01
   9.6985488e-01   5.8421345e-01
   4.3163561e-01   3.6926908e-01
   6.3909978e-01   2.8113733e-01
   3.6699698e-02   6.4893542e-01
   8.8655134e-01   4.4295055e-02
   9.7229939e-01   5.9575728e-01
   7.9633399e-02   6.8667522e-01
   9.6866495e-01   8.0958172e-01
   1.8575795e-01   9.6406911e-01
   5.7825146e-01   2.1690020e-02
   9.2218737e-01   7.4702698e-01
   9.8588537e-01   7.2487544e-01
   4.0142970e-01   9.4726350e-01
   9.4949842e-01   3.3513965e-01
   6.8172314e-01   8.9932853e-01
   1.0007125e-01   8.4328260e-01
   6.5075043e-01   2.9063992e-01
   9.0301949e-01   3.6897400e-01
   6.5543582e-01   4.1060818e-01
   9.9440118e-01   2.6802160e-01
   2.2553485e-02   9.7908262e-01
   2.7119545e-01   4.1569637e-01
   7.9435765e-01   6.2867618e-01
   4.0618298e-01   7.4133984e-01
   3.5596415e-01   1.0283165e-01
   5.8877117e-01   7.1467014e-02
   6.0815378e-01   1.0312645e-01
   9.4158090e-02   6.8059533e-01
   7.2051524e-01   2.5817611e-01
   7.2193588e-01   7.7112989e-01
   3.3801628e-01   8.1613859e-01
   3.3724491e-01   7.8395322e-01
   9.6601227e-01   9.9502242e-01
   5.5051688e-02   6.0512698e-01
   7.9286121e-02   7.0069329e-01
   9.0987580e-01   8.2725571e-01
   1.9839396e-01   1.2204611e-01
   9.2168779e-02   5.5640326e-01
   8.1700792e-01   7.7821256e-01
   9.7898770e-01   1.0012417e-01
   4.3673509e-01   4.4110139e-01
   8.5334129e-01   6.1202250e-01
   3.7140155e-01   1.3466191e-01
   2.9619042e-01   2.4529069e-01
   9.2228278e-01   6.5153994e-01
   1.7489780e-01   2.2196262e-01
   3.4726045e-01   6.9422574e-01
   3.4490383e-01   4.1831286e-01
   3.8745925e-02   5.7047751e-01
   3.9160297e-01   6.6571261e-01
   2.0581349e-01   1.7182613e-01
   6.2401752e-01   2.0174223e-01
   8.0162187e-01   6.6350516e-01
   5.7792064e-01   5.8576684e-01
   7.7958121e-01   3.1443763e-01
   5.5931461e-01   4.2004752e-01
   4.2545469e-01   8.6787989e-02
   8.0257644e-01   6.2202257e-01
   4.4189316e-01   4.3175291e-01
   1.0747296e-01   6.2299231e-02
   8.2682125e-01   8.8454944e-01
   3.9974544e-01   8.2469063e-01
   8.6726277e-01   3.8293841e-01
   7.0216735e-01   6.6201183e-01
   7.8990819e-01   8.8355148e-01
   1.6222593e-01   1.4197310e-01
   8.1592013e-01   7.1170168e-01
   6.8575231e-01   4.0303117e-02
   8.5216659e-01   1.8502843e-01
   1.3116857e-01   9.6539154e-01
   7.6642967e-02   8.3202043e-01
   7.2889346e-01   8.4683208e-02
   7.7540115e-01   6.8266776e-01
   1.4019728e-02   6.9117651e-01
   9.6941924e-01   7.2917207e-01
   1.0445413e-01   8.0769809e-02
   8.3890851e-01   2.0516503e-01
   9.1586907e-01   3.7489472e-01
   9.5136121e-01   6.2298222e-01
   3.9644589e-01   6.5212160e-01
   9.3966423e-01   8.0489326e-01
   1.3846468e-01   9.1516842e-01
   1.9737008e-01   6.4582212e-01
   9.4406672e-01   1.7493175e-02
   8.8492004e-01   9.3963786e-01
   3.6713454e-01   6.7818342e-01
   8.5711094e-01   6.7265185e-01
   2.7365001e-01   7.2208325e-01
   9.5349879e-01   3.3594937e-01
   8.0648607e-01   8.6016615e-01
   1.6410639e-01   1.3039228e-01
   5.9230028e-01   5.9731388e-01
   7.6054436e-01   9.2540316e-01
   5.7266889e-01   9.8625824e-01
   7.5948657e-01   2.7239974e-02
   3.3908750e-01   3.0636402e-01
   8.7379195e-01   7.1098093e-01
   8.6020617e-01   5.8181777e-01
   7.1027102e-01   9.7573117e-01
   3.5758611e-01   7.2719498e-01
   6.6901336e-01   9.8417458e-01
   3.8314777e-01   7.8022771e-01
   7.8280983e-01   5.9644721e-01
   9.6783552e-03   3.0475033e-01
   8.3332951e-01   1.5657635e-01
   1.2783255e-01   9.3252029e-01
   1.4998154e-01   7.4610546e-01
   1.1014853e-01   1.7767090e-01
   1.2798998e-01   3.7701964e-01
   9.0818252e-03   6.2918644e-01
   9.5097171e-01   9.7753769e-02
   4.8154872e-02   2.8635508e-01
   8.1206642e-01   3.5897350e-01
   2.8790390e-01   1.0052526e-01
   3.0675042e-01   9.7145430e-01
   3.6606627e-01   1.2029983e-01
   1.2099292e-01   8.4475886e-01
   9.8964257e-01   9.2537881e-01
   8.1949177e-01   1.8983548e-02
   3.4348734e-01   3.8519977e-01
   9.5246660e-02   5.1618686e-02
   8.3169205e-01   7.7543740e-01
   8.7936740e-01   2.6582520e-01
   1.9152585e-01   7.1395274e-01
   3.2073973e-01   7.2908612e-01
   8.1162682e-01   7.7464296e-01
   3.7437347e-01   6.9801920e-01
   8.0383736e-01   1.6974537e-01
   2.5458656e-01   2.9827219e-01
   6.2750067e-01   2.7177984e-01
   6.5996453e-01   9.9431137e-01
   6.4635137e-01   5.8097347e-01
   1.1944573e-01   9.2950263e-02
   2.5248972e-01   1.7393926e-01
   8.7544021e-01   7.1281558e-01
   2.8757198e-01   1.2986712e-01
   1.2405112e-01   8.2189731e-01
   6.9856171e-02   3.8071411e-01
   2.2856982e-01   7.4803743e-01
   8.0362167e-01   1.8060385e-01
   6.6533111e-01   8.1167176e-01
   6.7696555e-01   4.1607788e-01
   9.9635957e-01   9.2205683e-01
   2.4756509e-01   3.5838911e-01
   5.8803003e-01   4.3601935e-01
   1.0283946e-01   8.2290480e-01
   4.0911060e-01   4.3712528e-01
   2.9521580e-01   3.0884646e-01
   2.4984281e-01   7.7276023e-01
   7.0782647e-01   1.5239715e-01
   7.8031176e-01   1.4293683e-01
   6.0985391e-01   4.4230853e-01
   4.1448359e-01   2.4716452e-01
   1.0355752e-01   2.5459305e-01
   9.0152546e-01   3.2960726e-01
   5.6091006e-01   8.1672540e-01
   6.4011187e-01   5.8707733e-01
   5.6890772e-01   3.5778672e-01
   8.3638276e-01   9.1263260e-01
   3.8429434e-01   6.2463438e-01
   4.4060318e-01   3.4772926e-01
   8.3058063e-01   4.2703226e-01
   6.0404896e-02   3.9036369e-01
   5.8455260e-01   7.5528884e-01
   4.0318498e-01   2.2919376e-01
   7.4990760e-01   1.4474634e-01
   9.1454233e-01   4.1513526e-01
   5.8571653e-01   3.5562328e-01
   3.0476561e-01   1.5789956e-01
   7.1849490e-02   1.1230452e-01
   7.0789156e-01   9.0899847e-02
   3.4472234e-01   7.3758766e-01
   8.0035796e-03   1.7554421e-01
   2.3406379e-01   6.8523379e-01
   4.0394840e-01   6.0262704e-02
   9.2999065e-01   2.7510947e-01
   5.9514680e-01   5.8628088e-01
   7.9608780e-02   2.4800903e-02
   1.5464550e-01   8.9021218e-01
   2.1867079e-01   6.7011602e-01
   3.0147831e-01   7.3778101e-01
   1.2101836e-01   8.6875008e-01
   9.6463198e-02   5.6474511e-01
   7.4537290e-01   1.7852829e-01
   1.9175990e-01   8.5347926e-01
   1.0253059e-01   9.4098825e-01
   9.5741012e-01   1.3778582e-01
   7.5783151e-01   5.8946676e-01
   9.5399733e-02   3.9270041e-01
   8.9347818e-01   3.6612921e-02
   2.2687419e-01   5.5841031e-01
   4.3811220e-01   2.9055976e-01
   5.8297413e-01   1.6534360e-01
   7.6740251e-01   4.2000777e-01
   2.1094544e-01   4.0836904e-01
   1.4943068e-01   1.0056415e-01
   4.0628385e-01   5.5259630e-02
   5.5753322e-01   7.8381601e-01
   7.7172057e-01   6.9581184e-01
   3.5260399e-01   7.4335427e-01
   1.3191006e-02   4.3229480e-01
   3.4829019e-01   3.4681266e-01
   6.9522454e-02   7.7803516e-01
   2.3262997e-01   2.7834164e-01
   9.3849994e-02   4.3333333e-01
   7.1215907e-01   2.5405762e-01
   6.5096785e-01   6.8125740e-01
   7.3016029e-01   1.5659291e-02
   8.2942136e-02   1.7387320e-01
   7.2145295e-01   4.2372607e-01
   3.2801461e-01   7.3530762e-01
   7.8186555e-01   6.7462804e-01
   4.4331744e-01   8.7572026e-01
   2.7028941e-01   9.5074341e-01
   9.4724999e-01   2.5388712e-01
   7.6187621e-01   7.6878379e-01
   4.3785460e-01   6.4955220e-01
   6.5783027e-01   7.9751845e-01
   7.2099519e-01   1.1575448e-01
   2.6629792e-01   9.5034276e-01
   6.4632943e-02   8.7611887e-01
   2.5097208e-01   3.6456891e-02
   7.3987206e-01   8.0949187e-01
   3.2935911e-01   3.6046863e-01
   9.3007845e-01   4.3885628e-01
   1.3476186e-01   4.3512005e-01
   2.4965119e-01   4.3567137e-01
   8.3968927e-01   3.0733622e-01
   1.3659654e-01   9.5839079e-01
   3.3754014e-01   4.2017515e-01
   6.3085890e-01   2.2351305e-01
   8.7067808e-01   6.4081307e-01
   3.6877038e-01   7.6896622e-01
   2.5549768e-01   9.4414300e-01
   6.5386947e-01   7.8745818e-01
   8.7357706e-01   5.4008525e-02
   6.1324804e-01   6.8340854e-02
   2.5180122e-01   8.8048154e-01
   6.4812118e-01   8.0228774e-01
   3.6698371e-01   1.1939283e-01
   2.1400365e-01   8.5015248e-01
   4.9211566e-02   9.1194397e-01
   7.6140437e-01   8.5164076e-01
   2.4727033e-01   1.5812470e-01
   8.1845530e-01   4.3329566e-01
   2.7839019e-01   2.0712356e-01
   8.9888008e-01   3.3622747e-01
   3.3693320e-02   3.9509053e-01
   1.2876506e-01   1.7346488e-01
   8.0514323e-01   5.9687556e-01
   8.7036063e-01   6.4303446e-01
   5.9391063e-01   3.6168321e-01
   8.4041857e-01   8.4478622e-01
   9.9624383e-02   3.3126107e-01
   9.5169645e-01   2.4461456e-01
   9.1025515e-01   1.9576415e-01
   8.0292644e-01   9.5628109e-01
   4.4020163e-01   6.4825273e-01
   7.2452440e-01   2.5877907e-01
   6.6591476e-01   3.4523525e-01
   2.1912359e-01   9.6107438e-01
   1.9612649e-01   9.1157585e-01
   1.7350904e-01   3.0575952e-01
   4.3254727e-01   2.4208185e-02
   8.2678130e-01   3.5189505e-01
   8.2140998e-03   2.3104416e-01
   3.5179765e-01   9.0938591e-02
   1.6470784e-01   5.0330076e-02
   3.0400435e-01   9.5415933e-01
   2.1626298e-01   4.3635968e-01
   7.9098854e-01   8.4992757e-01
   5.6446448e-01   9.1644641e-01
   9.5151632e-01   8.0677706e-01
   4.3393939e-01   4.4202111e-01
   5.5735166e-01   6.2189031e-01
   2.6853478e-01   5.8155820e-01
   8.7592833e-01   9.1521471e-01
   1.8382367e-01   1.7660091e-01
   1.7643291e-01   2.6465620e-01
   8.4017058e-01   1.6774150e-01
   3.2339220e-01   7.1196397e-01
   9.2108162e-02   7.6673433e-02
   2.5891242e-01   9.7634001e-01
   2.1401614e-01   2.9837371e-02
   9.5651840e-01   3.1729787e-01
   4.0886285e-01   9.2546046e-01
   1.4060712e-01   6.9950193e-01
   4.1808662e-01   6.0108747e-01
   6.7114052e-01   7.2495899e-01
   7.8958274e-01   2.5708929e-01
   4.1250970e-01   3.5810563e-01
   1.2303310e-01   3.4091838e-01
   2.2534080e-02   6.1246570e-01
   4.3895595e-02   3.2116066e-01
   6.7580549e-01   2.1591638e-02
   8.6295842e-01   6.2906166e-01
   6.9290477e-01   8.1590229e-01
   6.4327617e-01   6.0961212e-01
   3.7324380e-01   3.7248103e-01
   1.7480983e-01   3.8941688e-01
   7.8321609e-01   6.5398701e-01
   6.1447087e-01   3.1684255e-01
   4.0476430e-01   1.9300700e-02
   3.3652460e-01   7.4720824e-01
   8.1739557e-01   5.9098266e-01
   7.5529801e-01   3.2413434e-01
   2.0000219e-02   3.5372140e-01
   3.3267826e-01   8.8288416e-02
   2.2005928e-01   7.9272740e-01
   7.2960884e-01   8.0540364e-01
   1.9968403e-01   6.0809921e-01
   1.6211462e-01   4.1936277e-01
   8.9318498e-02   1.0266282e-01
   2.3062166e-01   9.2530397e-01
   3.6994961e-01   5.8204245e-01
   2.0189517e-01   1.9483039e-01
   8.6045026e-01   2.4006852e-01
   9.1292933e-01   9.8261163e-01
   2.9575761e-01   2.4321093e-01
   3.4905762e-01   7.9629260e-01
   1.2444898e-01   1.6360665e-01
   6.8320309e-01   3.8649829e-01
   2.7575713e-01   5.0496306e-02
   9.2490917e-01   6.6520732e-03
   6.3936411e-01   9.4979086e-01
   8.9407988e-01   9.8546716e-01
   6.8615747e-01   6.2198585e-01
   8.9199174e-01   6.1847332e-01
   8.2818133e-01   4.4320567e-01
   5.6512199e-02   3.3495138e-01
   8.3048830e-01   6.1038348e-01
   9.3386892e-01   3.6745882e-01
   7.7963301e-01   1.7893813e-01
   1.0747878e-01   8.0645183e-01
   5.8606059e-01   3.2152440e-01
   7.2767239e-01   8.5620169e-01
   9.8369541e-01   6.3772685e-01
   6.1525956e-01   5.8376863e-01
   1.4660711e-01   6.9219551e-01
   2.9615580e-01   7.6645732e-01
   4.3325274e-01   9.8645745e-01
   2.0928964e-01   1.1455238e-01
   7.5922016e-01   2.6554221e-01
   6.0763353e-02   1.1806217e-01
   9.4684117e-01   8.0254528e-01
   5.9261072e-01   3.3825585e-01
   9.7967429e-01   4.4982375e-02
   7.6334056e-01   2.1012858e-01
   6.1245814e-01   7.5066537e-01
   7.0734810e-01   9.5365692e-02
   6.4216636e-01   6.5811540e-01
   4.2656440e-01   9.8462788e-03
   2.1296740e-01   7.2624011e-02
   8.6961251e-01   5.6931137e-01
   1.3241552e-01   9.5365461e-02
   9.5179758e-01   1.5090805e-01
   1.2080918e-01   6.4383649e-01
   7.2445913e-01   4.0223918e-01
   3.1836039e-02   6.2038888e-01
   9.0776505e-01   9.5373228e-01
   3.5242261e-01   9.6935669e-01
   4.0198139e-01   3.6602496e-01
   6.1456203e-01   3.7453206e-01
   6.3036134e-01   6.0680310e-02
   4.9373158e-02   7.1296183e-01
   7.4997268e-01   2.6607449e-01
   9.8618532e-01   7.8831268e-01
   6.7983255e-01   6.0248026e-02
   2.9893877e-01   9.2074474e-01
   8.6931374e-01   7.7274821e-01
   2.9282513e-01   4.0024804e-02
   3.9919660e-01   7.3824300e-01
   6.2648683e-01   1.4904439e-01
   8.2008026e-01   8.9523439e-01
   2.4940952e-01   9.6979791e-02
   5.8552509e-01   3.7050313e-01
   3.1205205e-01   7.2582172e-01
   7.4196925e-01   9.7782514e-01
   8.9934894e-02   2.4581605e-01
   1.3807159e-01   8.9122015e-01
   6.7007198e-01   7.5500231e-01
   4.0269238e-01   4.3419767e-01
   8.9815202e-01   1.0519033e-01
   8.5876233e-01   3.5267979e-01
   1.8847671e-01   2.3987040e-01
   9.5305473e-01   1.0000000e+00
   4.1612989e-01   6.0987205e-01
   8.1901652e-01   6.1557019e-02
   8.3661473e-01   6.4738399e-02
   4.3771897e-01   3.8581653e-01
   1.9445322e-01   9.6779541e-01
   9.9505821e-02   3.0434487e-02
   6.0814019e-01   1.8281256e-01
   6.0520494e-01   6.5325901e-01
   1.0054484e-01   6.1035045e-01
   1.5674724e-01   3.9898625e-01
   6.9347571e-01   3.7803497e-01
   5.7439023e-01   8.8335136e-01
   3.2177341e-01   9.7959889e-02
   3.5187225e-02   4.4364500e-01
   8.0456434e-01   8.6688081e-01
   3.7961644e-01   2.4675841e-01
   2.6831316e-01   8.8238729e-01
   6.7041501e-01   9.0183560e-02
   2.9243193e-01   3.1605154e-01
   9.9800507e-01   3.9681599e-01
   3.6182075e-01   3.7990354e-02
   6.5397884e-01   4.3076261e-01
   6.4619277e-01   6.1253824e-01
   6.3632310e-01   4.3459269e-02
   8.4369159e-01   5.4748603e-02
   8.6924774e-01   9.4657181e-01
   8.5581809e-01   8.9827415e-01
   4.2260559e-01   2.7350497e-02
   6.6479042e-01   1.7023446e-03
   2.1565864e-01   7.9100670e-01
   2.5767211e-02   6.8655314e-01
   1.8297404e-01   8.9800709e-01
   3.2896946e-01   4.4217556e-01
   4.0955866e-01   8.8792905e-01
   6.4534029e-01   7.8275223e-02
   8.2739495e-01   3.2822366e-01
   3.9216436e-02   9.4131961e-01
   3.5690559e-01   6.7949235e-01
   8.3988125e-01   8.2979584e-01
   3.1952900e-01   1.6473688e-01
   9.2130873e-01   5.8446540e-01
   7.5941865e-01   7.2512077e-01
   1.1831511e-01   5.6766182e-01
   3.0968090e-01   1.0708784e-01
   6.0792189e-01   6.7349897e-02
   5.9601706e-01   4.1503941e-01
   6.7843794e-01   3.5982053e-01
   6.0133725e-02   5.7154548e-01
   4.1275071e-01   8.3338020e-01
   7.6811486e-01   3.0357602e-01
   7.5419546e-01   1.2743493e-01
   7.7335279e-01   9.0711113e-01
   8.3862288e-01   5.8581850e-01
   3.1764550e-01   6.8839093e-01
   3.1667484e-01   2.4717539e-01
   8.7338750e-01   9.7986868e-01
   7.9951333e-01   1.7815957e-01
   8.7152087e-01   6.2903783e-01
   6.4181741e-01   1.8850013e-01
   2.4377940e-01   6.6464968e-01
   3.5514544e-01   7.6230008e-01
   6.1776276e-01   9.4945110e-01
   9.6284549e-01   6.0407385e-01
   6.6585618e-01   8.5800434e-01
   8.3982248e-01   7.3787171e-01
   3.2532421e-01   8.6133946e-01
   8.9694843e-01   8.5543513e-01
   3.0003059e-01   6.2632718e-01
   7.4924324e-01   3.3487688e-01
   1.0542321e-01   2.2655531e-01
   9.4328591e-01   1.2674189e-01
   1.4312036e-01   4.1564764e-01
   1.4025929e-01   2.3805777e-01
   4.0508451e-01   7.6010350e-01
   3.9295880e-01   2.7934987e-01
   8.8023861e-01   3.9098274e-01
   4.4159920e-01   5.0709859e-02
   7.5676614e-01   4.9091358e-02
   9.6075729e-01   6.2448037e-01
   4.3370717e-01   7.2210318e-01
   1.6365491e-01   3.8748053e-01
   5.7938035e-01   4.0337111e-01
   2.9930456e-01   3.4899744e-02
   3.4671330e-01   2.5927259e-03
   1.9074176e-01   8.7712122e-01
   2.2345518e-01   7.4919209e-01
   3.5857746e-01   9.8336932e-01
   5.0391290e-03   4.1542603e-02
   6.6573530e-02   0.0000000e+00
   1.8939156e-01   3.8624613e-01
   5.6977063e-01   1.0155581e-01
   6.9590814e-01   6.2004126e-01
   8.2186384e-01   9.7758789e-01
   5.8918781e-01   6.3052130e-01
   2.9347711e-01   8.8828378e-01
   2.8992567e-01   8.7976278e-01
   1.3873685e-03   5.8840167e-01
   6.6040083e-01   7.9657609e-01
   9.0930166e-01   3.6495589e-02
   9.3680932e-02   6.2048969e-01
   3.6598213e-01   8.0017908e-01
   2.9809118e-02   7.1226084e-01
   2.1011334e-01   7.9253988e-01
   2.2228413e-01   2.6080416e-01
   3.8114595e-01   6.5017727e-01
   1.1925492e-02   9.5064981e-01
   6.4483070e-01   8.5289234e-01
   7.5780091e-01   9.8797177e-01
   1.7094650e-01   6.6729536e-01
   2.3328504e-02   7.5394187e-01
   7.8541669e-01   9.2993970e-01
   5.8126883e-01   6.4364318e-01
   2.9829011e-02   1.2354107e-01
   3.2540389e-01   3.2830277e-02
   3.7063302e-01   7.8368680e-01
   7.1955575e-01   9.8547713e-01
   1.7446802e-01   2.3901805e-01
   8.3791500e-01   8.3163268e-01
   4.2628679e-01   9.4738940e-01
   3.5359167e-01   5.8641479e-01
   9.4526941e-01   8.5388478e-01
   4.2053038e-01   4.2909903e-01
   3.9576067e-01   4.1558803e-01
   8.4263708e-01   8.8625254e-01
   8.2552712e-01   2.9187751e-01
   6.8407304e-01   7.8626038e-01
   4.1649581e-01   9.5246810e-01
   8.3873306e-01   1.1654960e-01
   8.0991888e-01   5.1540486e-02
   3.8420917e-01   7.5532482e-01
   1.5867897e-01   6.4187569e-01
   7.9795003e-01   9.1302061e-01
   8.0188411e-01   5.9626471e-01
   7.7634750e-01   5.9514663e-02
   2.8602342e-01   2.0761347e-01
   6.8588992e-01   5.6887114e-01
   9.5003620e-01   3.8601741e-01
   7.4556325e-01   5.8138806e-01
   6.8915588e-01   2.9689042e-01
   7.6826492e-01   7.1081757e-01
   1.7665431e-01   7.6534111e-01
   8.5437308e-01   5.7623380e-01
   1.2887276e-01   7.2252933e-01
   2.3919973e-01   1.1667884e-01
   6.5573837e-01   7.5300280e-01
   3.9347570e-01   7.7894451e-01
   1.5365730e-01   7.2398797e-01
   8.8937042e-01   7.3445519e-01
   4.3811498e-01   8.8804082e-01
   6.4020943e-01   8.2626876e-01
   9.9726548e-01   1.0427360e-01
   2.1764190e-01   7.7422258e-01
   3.9678979e-01   9.6006466e-02
   9.5961311e-01   5.6264094e-01
   8.8703354e-01   2.4971398e-01
   4.3079046e-01   5.9760785e-01
   2.6171602e-01   5.0812074e-02
   9.5494681e-02   5.7772845e-01
   9.4074606e-01   3.2028118e-01
   1.8704676e-02   8.0944156e-01
   4.8264611e-02   2.8159075e-01
   9.3686230e-01   5.7088382e-01
   8.5804941e-01   7.2272786e-01
   3.8366973e-01   3.6880953e-01
   1.5263805e-01   8.2688670e-01
   1.6597451e-01   8.2719383e-01
   1.8398689e-01   7.4197616e-02
   8.7982898e-01   9.9467701e-01
   6.2088393e-02   1.3389175e-01
   2.7436315e-01   3.1174999e-01
   4.3481596e-01   8.7204450e-01
   8.9312060e-01   2.6735533e-01
   9.9001107e-01   9.0275432e-02
   2.0502725e-01   2.1392748e-01
   2.2741857e-01   1.1013532e-01
   9.2478782e-01   8.2729246e-01
   1.5689593e-01   1.4205607e-01
   8.3509168e-01   1.8733818e-01
   3.0059384e-01   2.1713563e-01
   9.1205778e-01   2.3272295e-02
   7.7700107e-01   7.4534920e-01
   3.0632501e-01   1.2759842e-01
   8.2056286e-01   5.7967433e-01
   2.0589352e-01   9.3266775e-01
   6.4323220e-01   4.3498879e-01
   8.5353189e-01   1.4988192e-01
   9.9307575e-01   7.8548295e-01
   5.9814966e-01   7.4729536e-01
   7.9852337e-01   1.7989684e-01
   4.1513000e-01   1.0667369e-01
   5.6794686e-01   3.3642288e-01
   7.9669844e-01   6.1036561e-01
   7.2255713e-01   8.7654840e-01
   3.3575267e-01   8.9172767e-01
   6.6672031e-01   8.3362102e-01
   7.1031414e-01   2.5038485e-01
   5.8377693e-01   3.9423543e-01
   8.4731033e-01   9.3326174e-01
   1.2344489e-01   6.5387151e-01
   6.7876152e-02   6.7893144e-01
   7.2569055e-01   6.9403587e-01
   7.7471962e-01   9.5043484e-01
   8.9425016e-01   6.6571405e-01
   2.1609349e-01   2.5941352e-01
   4.0730866e-01   5.6238865e-01
   3.5121945e-01   7.9289688e-01
   6.0696527e-01   9.4802226e-01
   3.5912280e-01   3.9001598e-02
   4.9673496e-02   5.2323353e-02
   6.3081949e-01   8.4084473e-01
   3.6175374e-01   2.8727160e-01
   7.0920951e-01   2.1005089e-01
   2.9327893e-01   6.0541648e-01
   7.3745043e-01   8.0379487e-01
   6.0113630e-01   2.1304585e-01
   7.7900054e-01   8.2209158e-01
   8.4492509e-01   6.2446072e-01
   6.2421918e-01   5.8858987e-01
   1.6772051e-01   7.9750776e-01
   2.7982804e-02   1.9864736e-01
   7.1868181e-01   2.2748331e-01
   4.4275195e-01   1.1872120e-02
   1.8688523e-02   5.6319125e-01
   8.7279672e-01   1.9623855e-01
   2.2866525e-01   2.7023682e-03
   2.2603124e-01   6.5516625e-01
   8.1627900e-01   5.7922956e-01
   9.7502640e-01   1.1210336e-01
   1.7350030e-02   9.2928635e-01
   5.9965351e-01   4.2507853e-01
   9.7390179e-01   1.0618532e-02
   5.3885716e-02   2.4757934e-01
   4.4088780e-01   8.6654198e-01
   1.8256866e-01   3.5714374e-02
   4.0116224e-01   3.8900410e-01
   2.6959066e-01   9.3962998e-01
   9.9251012e-01   9.7679268e-01
   1.5435700e-01   6.9115011e-01
   8.4216189e-01   1.7522718e-02
   7.2415387e-01   3.2352295e-01
   6.6176126e-01   5.6785876e-02
   2.0858144e-01   3.8385031e-01
   9.6950001e-01   6.4536464e-01
   7.3396338e-01   7.3330436e-01
   9.4905570e-01   1.7518448e-01
   1.5753111e-01   2.6340205e-01
   2.0806377e-01   5.1601407e-02
   4.0940326e-01   3.0511030e-01
   8.5249931e-01   7.4383022e-01
   1.2184818e-01   8.3015473e-01
   1.9985074e-01   3.8834562e-01
   6.6965504e-01   2.5438701e-01
   8.8798080e-01   3.5440946e-01
   9.8869666e-01   8.5072684e-01
   8.2266485e-01   3.8206108e-02
   6.6198868e-01   4.2933222e-01
   8.4758917e-01   1.6778087e-01
   1.9617788e-01   4.2815335e-02
   8.5499363e-01   9.3049113e-01
   9.3100323e-02   8.7912681e-01
   9.9498708e-01   3.9504728e-01
   9.8293747e-01   7.2853284e-01
   2.7636067e-01   8.4352857e-03
   9.5403826e-01   7.0110696e-01
   9.9357974e-01   3.8289567e-01
   4.0322551e-01   2.5246110e-01
   8.3068175e-01   3.8614161e-01
   6.1380785e-01   7.5147404e-01
   6.6111164e-01   8.9548516e-01
   7.8047485e-01   1.2223003e-01
   1.7733114e-01   7.4766645e-03
   5.8222361e-01   9.4763974e-01
   8.6305995e-01   4.3677571e-01
   4.8607384e-02   3.7846297e-01
   4.3211092e-02   2.0164464e-01
   1.8802679e-02   7.5188920e-01
   5.6468553e-01   7.8759067e-01
   8.9475156e-02   2.7252514e-01
   3.4666838e-01   5.9101374e-01
   1.8683083e-01   2.7030532e-01
   1.1582437e-01   2.4712962e-01
   8.8837356e-01   3.5882556e-01
   6.5623709e-01   8.5091841e-01
   7.1412755e-01   5.8890334e-01
   8.9224893e-02   7.1034067e-01
   1.8479408e-01   8.7517606e-02
   3.9673341e-01   9.4779292e-01
   3.9497520e-01   3.8719973e-02
   1.6353998e-01   2.0809157e-01
   0.0000000e+00   8.2158807e-01
   2.8496349e-01   6.4229287e-01
   8.1568289e-01   1.8878659e-02
   2.7852898e-01   2.5752446e-01
   5.7377355e-01   9.7580824e-01
   2.7293629e-01   6.1259339e-01
   9.9352097e-03   5.7911528e-01
   9.1317772e-01   6.2288203e-01
   9.9149376e-01   2.6544770e-01
   8.8296077e-01   9.8745400e-01
   9.4662503e-01   6.3455391e-01
   9.7929714e-01   8.9024622e-01
   6.0437200e-01   8.3350943e-01
   3.7892570e-01   9.0289314e-01
   7.4389611e-01   1.6852878e-02
   5.7522660e-01   7.8482349e-02
   1.8153131e-01   7.8339568e-01
   1.8526577e-01   2.5973057e-01
   6.0355918e-01   3.6236092e-01
   1.6855672e-01   3.2214331e-01
   4.3673216e-01   4.1006192e-01
   6.0557592e-01   7.8815815e-01
   9.6845657e-01   7.7040232e-01
   9.1606929e-01   4.4007732e-01
   3.3959172e-01   6.9652977e-01
   1.7333636e-01   7.4668117e-01
   3.6681453e-01   9.5103540e-01
   2.3838416e-01   9.4145040e-02
   6.2239737e-01   9.7299452e-01
   7.1889936e-01   3.1171395e-01
   5.8709511e-01   1.4929810e-01
   9.3709389e-01   3.4253788e-01
   2.1483102e-01   8.3779498e-01
   7.7605771e-01   9.6940918e-01
   6.9098520e-01   6.2976623e-02
   6.6194537e-01   7.3090318e-01
   9.7188969e-01   9.5680458e-01
   9.6489183e-01   7.2045338e-01
   5.5606452e-01   1.7557235e-01
   9.1221026e-01   9.8710483e-01
   4.3564010e-01   6.1269928e-01
   3.0515675e-01   9.5814977e-02
   9.4046815e-02   6.3948264e-01
   2.5272527e-03   3.0370505e-01
   7.9141846e-01   8.9497041e-01
   1.6589930e-01   6.1842703e-01
   3.5548390e-01   8.0908199e-02
   8.5300493e-01   2.9896414e-01
   7.5886961e-01   8.1639988e-01
   8.9398639e-01   8.8883515e-02
   3.1958280e-01   8.2726389e-01
   4.3374369e-01   3.0108221e-01
   2.9286133e-01   3.3865570e-01
   8.6660551e-01   1.2741920e-01
   5.4520370e-02   1.3784682e-01
   1.8285841e-01   2.1143303e-02
   3.5630929e-01   1.6092243e-01
   3.6406443e-01   7.1145604e-01
   2.3857902e-02   6.9208122e-01
   2.0596708e-01   2.1341414e-01
   2.9101140e-01   4.2913242e-01
   9.1815267e-01   9.1501686e-01
   3.1184933e-01   2.2441857e-02
   3.2662886e-01   6.4216953e-01
   9.9668434e-01   3.8990651e-01
   2.7327037e-01   3.4300813e-01
   1.8857450e-02   7.9365238e-01
   8.0869236e-01   9.7311307e-01
   6.9103095e-02   2.0288129e-01
   8.4140184e-01   5.7282276e-01
   9.6522260e-01   1.1311960e-01
   6.1137914e-01   9.4631754e-01
   9.7043137e-01   8.8722276e-01
   1.7804350e-01   7.0605889e-01
   3.9067473e-02   7.2515099e-01
   3.0370442e-01   2.8255340e-01
   4.7280959e-02   1.9735834e-01
   6.9859221e-01   7.6850945e-01
   2.9196161e-01   8.7787780e-01
   8.7252253e-01   9.3040430e-01
   8.3677528e-01   9.5696002e-01
   8.2034559e-01   4.0939479e-01
   1.9104121e-01   1.3967016e-01
   2.1884036e-01   5.8789120e-02
   1.6464007e-01   3.0229784e-01
   9.0784032e-01   5.0042904e-02
   2.0198871e-01   2.3443202e-01
   6.4522010e-01   7.9956315e-01
   1.1153220e-01   1.7465606e-01
   1.2576219e-01   1.3366807e-01
   7.7058976e-01   4.5153781e-02
   1.8038193e-01   1.4729492e-01
